# Created by Octave 3.0.1, Sun Mar 22 21:51:07 2009 CET <artieres@artieres-laptop>
# name: pmc
# type: cell
# rows: 1
# columns: 3
# name: <cell-element>
# type: cell
# rows: 1
# columns: 5
# name: <cell-element>
# type: matrix
# rows: 2
# columns: 1
 1.270181229619586
 -1.299115435707202

# name: <cell-element>
# type: matrix
# rows: 2
# columns: 1
 1.270181229619586
 -1.299115435707202

# name: <cell-element>
# type: matrix
# rows: 2
# columns: 1
 0
 0

# name: <cell-element>
# type: string
# elements: 1
# length: 4
flin

# name: <cell-element>
# type: string
# elements: 1
# length: 5
dflin


# name: <cell-element>
# type: cell
# rows: 1
# columns: 5
# name: <cell-element>
# type: matrix
# rows: 19
# columns: 1
 -1.862069919417546
 0.9599849752978472
 0.4565425262473973
 -1.131064329788805
 -1.011444812762214
 0.6675697390796852
 1.893878704384434
 -0.8681046115579208
 0.6281586248482426
 -0.9165089122570257
 -1.794315410381093
 -0.3701331932064654
 2.358843211648853
 0.5132093568714369
 0.4005837371674671
 0.08468500648881169
 -0.2138264812567663
 -0.6675437660929242
 -0.4041328820024579

# name: <cell-element>
# type: matrix
# rows: 19
# columns: 1
 -1.371232645964697
 0.8835673354028323
 0.4543653591122827
 -1.004077168638527
 -0.9212603644643353
 0.6467012313887531
 1.382395214911537
 -0.8132215599909328
 0.6120137220933153
 -0.8507637549371649
 -1.346282433657835
 -0.371449278519393
 1.510646481176769
 0.5075329196848448
 0.4009051192192882
 0.08630444699682514
 -0.2169141908522907
 -0.6466785726268747
 -0.4043221954127995

# name: <cell-element>
# type: matrix
# rows: 19
# columns: 3
 -0.5129205553569388 -0.6704775056982564 0.3797861027039401
 -0.2167059650472707 0.3413895042738295 -0.5712476385406661
 0.5834190800409795 -1.034040313211691 -0.9233489932964127
 -0.2976317789404938 -0.6885438477031297 -0.03380892338777475
 -0.9839020302573941 -0.04985797913251785 -0.03345461189116154
 -0.6469328540973022 1.635975831516441 0.5796676912164835
 0.1499608345832193 0.6476613942040077 -0.7083872713663556
 -0.1273421798969415 0.07186935661775545 0.6438829502899945
 0.5710540351129317 0.579826701391179 0.5063937847808458
 -0.4459628153973798 -0.1441490495618253 0.2148910935180008
 -0.2941730865615492 -1.09167448128677 0.08930574565735966
 -0.001180811347278867 -0.1425989579621466 0.1508096608936843
 1.128325253247941 0.2024631066503251 -0.7477913048265323
 -0.2131524730439391 0.8552993857114235 0.2771306984173631
 -0.7134929220226389 0.3105982227613489 -0.5525981860319882
 0.04394379491257903 0.2944223783797938 0.2581621611588182
 -0.07568883830196821 0.02229139448198681 0.1237121455498206
 -0.3804609950814931 -0.3001739898155082 -0.07150957361264548
 0.3080991228596217 0.01501467310128333 0.5642664034523831

# name: <cell-element>
# type: string
# elements: 1
# length: 5
f_ccs

# name: <cell-element>
# type: string
# elements: 1
# length: 6
df_ccs


# name: <cell-element>
# type: cell
# rows: 1
# columns: 5
# name: <cell-element>
# type: matrix
# rows: 2
# columns: 1
 0.4755647906248546
 0.5083547594192646

# name: <cell-element>
# type: matrix
# rows: 2
# columns: 1
 0.4755647906248546
 0.5083547594192646

# name: <cell-element>
# type: matrix
# rows: 2
# columns: 20
 0.22621929902615 0.1536598116809884 -0.1846798893118858 0.1340910089451621 -0.1560649515090522 -0.2448016752116958 0.1837582589337592 0.006413192150307499 -0.3401027516708582 0.3028734893470456 0.3309267289294519 -0.05790468374732362 -0.08423807689284409 -0.03373532583551672 -0.1768107685194273 0.06509745498533287 0.03050007332649493 -0.06875881752932443 -0.09850609740727469 0.1145946433125997
 -0.05996724163110752 -0.07954081729935475 -0.1797139235207909 -0.1864821162235479 -0.2361884096583874 -0.4781583253850944 -0.09865223275194565 0.04384308003760265 -0.2044792882078028 -0.2573248555108352 0.1101881329188617 0.1194945314126093 0.1123550457744324 0.135649876511956 -0.1929684908384985 0.09867174853233485 0.07831925370985411 -0.1977728115318967 -0.05404398989607374 0.168310882424427

# name: <cell-element>
# type: string
# elements: 1
# length: 9
f_sorties

# name: <cell-element>
# type: string
# elements: 1
# length: 10
df_sorties


