# Created by Octave 3.0.1, Sun Mar 22 21:49:10 2009 CET <artieres@artieres-laptop>
# name: pmc
# type: cell
# rows: 1
# columns: 3
# name: <cell-element>
# type: cell
# rows: 1
# columns: 5
# name: <cell-element>
# type: matrix
# rows: 2
# columns: 1
 1.266806843379631
 1.906629638388111

# name: <cell-element>
# type: matrix
# rows: 2
# columns: 1
 1.266806843379631
 1.906629638388111

# name: <cell-element>
# type: matrix
# rows: 2
# columns: 1
 0
 0

# name: <cell-element>
# type: string
# elements: 1
# length: 4
flin

# name: <cell-element>
# type: string
# elements: 1
# length: 5
dflin


# name: <cell-element>
# type: cell
# rows: 1
# columns: 5
# name: <cell-element>
# type: matrix
# rows: 17
# columns: 1
 0.9754754478942733
 -1.123871450509764
 1.111988896362142
 0.4915793120528223
 1.715105055219198
 -1.385073874031978
 -0.06880653586884855
 0.503867920280605
 2.10316624664712
 -0.7647454204600175
 -2.026597660868185
 -1.109910330980533
 0.5313722988507198
 1.567850957309992
 -0.9178793220146992
 -0.7438652123830927
 -0.3260209920247474

# name: <cell-element>
# type: matrix
# rows: 17
# columns: 1
 0.8950436337504004
 -0.9992876595771943
 0.9913220765865748
 0.487359717856774
 1.315004879116469
 -1.157761812354947
 -0.07014282152272178
 0.4988394657837813
 1.44769790835599
 -0.7295451818462361
 -1.425378576786574
 -0.9899218564312524
 0.5243524663400931
 1.250432542720302
 -0.8518110589317263
 -0.7120766729023953
 -0.3283638540245001

# name: <cell-element>
# type: matrix
# rows: 17
# columns: 3
 -1.072005736351687 0.7347285973495231 0.5874062077978673
 -0.4409952436547188 -0.3394839891884679 -0.1327453436534007
 -0.9865247669239129 0.002213283848662746 1.099493856941773
 0.1349249650539141 0.1696022579159348 0.07434993681569685
 0.4056203494367305 0.4066026006228418 0.4164167915207098
 -0.3033942773627074 -0.1104082913260145 -0.4940758160926815
 -0.1411739440536895 -0.3476840717043156 0.2684867998196426
 0.3693715377788591 0.22352387299005 -0.07771662484484469
 -0.2295862530153015 1.280329494197499 0.3725754932471301
 -0.2540094441530325 -0.3504765342130226 -0.03523415109455218
 -0.843342721961006 -0.5900216416324958 -0.2284300595694223
 -0.1477094349625765 0.3587967589218585 -0.7430086505617786
 -0.1428882854185405 0.4601185550456562 0.04775161192869853
 -0.2449343719032337 0.9543633027577052 0.316725108737349
 0.03541247656169214 0.06327325967801792 -0.541624166129712
 0.345299709773778 -1.508872248560665 0.4302078105179731
 -0.3354720950859287 -0.3754926214122505 0.2534750087480987

# name: <cell-element>
# type: string
# elements: 1
# length: 5
f_ccs

# name: <cell-element>
# type: string
# elements: 1
# length: 6
df_ccs


# name: <cell-element>
# type: cell
# rows: 1
# columns: 5
# name: <cell-element>
# type: matrix
# rows: 2
# columns: 1
 0.05488167651173406
 0.9464977613396861

# name: <cell-element>
# type: matrix
# rows: 2
# columns: 1
 0.05488167651173406
 0.9464977613396861

# name: <cell-element>
# type: matrix
# rows: 2
# columns: 18
 0.09240094679344156 -0.3538758039574934 -0.009734644274079171 -0.03304402262154678 0.05805266250383059 0.06059578281455167 -0.1534712972106901 0.2431734639238297 0.04408253818495515 0.02240407643417665 0.09584620904377822 -0.09006200943660748 -0.09413001248730982 -0.1236251122083247 0.1304442760593401 0.2230621560565089 0.1644467758398598 -0.05753978720649436
 0.5829038365599357 0.3065717005637683 -0.07593669041325637 0.1074820990314698 0.05359579214007173 -0.09985421269188462 -0.21708034519602 0.1135361628954177 0.1257901024932965 -0.2222624238933702 0.01859462702790319 0.0447501420555057 -0.07962359645609338 -0.1806828364764405 0.1644271162988205 0.3799235674660336 -0.2004824140953846 -0.3447795747029785

# name: <cell-element>
# type: string
# elements: 1
# length: 9
f_sorties

# name: <cell-element>
# type: string
# elements: 1
# length: 10
df_sorties


