# Created by Octave 3.0.1, Sun Mar 22 21:51:11 2009 CET <artieres@artieres-laptop>
# name: pmc
# type: cell
# rows: 1
# columns: 3
# name: <cell-element>
# type: cell
# rows: 1
# columns: 5
# name: <cell-element>
# type: matrix
# rows: 2
# columns: 1
 0.3637942876476974
 1.444386977602514

# name: <cell-element>
# type: matrix
# rows: 2
# columns: 1
 0.3637942876476974
 1.444386977602514

# name: <cell-element>
# type: matrix
# rows: 2
# columns: 1
 0
 0

# name: <cell-element>
# type: string
# elements: 1
# length: 4
flin

# name: <cell-element>
# type: string
# elements: 1
# length: 5
dflin


# name: <cell-element>
# type: cell
# rows: 1
# columns: 5
# name: <cell-element>
# type: matrix
# rows: 20
# columns: 1
 -0.6373289991003005
 -2.376002954191062
 -1.277223455958713
 0.07863971689351265
 -0.3770332218962012
 -0.07421366678295702
 0.3144659549728941
 -0.9663900815019881
 0.3936136145958923
 -0.4179962269326897
 -3.258720645522876
 -0.3990693788226227
 0.4303241844392174
 0.2317649434995825
 2.154002687958827
 -0.6130667325706529
 0.9353975571490682
 -0.9753210393403526
 -0.994952929629265
 -1.139690933887665

# name: <cell-element>
# type: matrix
# rows: 20
# columns: 1
 -0.6201390223964525
 -1.514294931557446
 -1.09614762617162
 0.08015303811888064
 -0.3781452024009783
 -0.07564794946827914
 0.3170024118417423
 -0.8883261642595832
 0.3941843953473083
 -0.4176362793134184
 -1.633231411909094
 -0.399446065628055
 0.4294302401062668
 0.2348881489023767
 1.461582187785944
 -0.5985716561691674
 0.8651228535665731
 -0.8949297892981782
 -0.9093150971843406
 -1.009789229691225

# name: <cell-element>
# type: matrix
# rows: 20
# columns: 3
 0.06669522135225102 -0.07132942437300374 -0.46283827796899
 -1.360002800717918 0.5104474043028694 -0.8293145239882094
 -0.3401746506835311 0.1357628506250631 -0.6890434339401273
 -0.6531573845444798 -0.5421323910429418 0.6487964690930682
 0.7565671309678293 -0.513399039469202 -0.6511746962612941
 0.2415184211455373 -0.002931726978937526 -0.2129321035595166
 0.7485398260003304 -0.6861786338039614 -0.1216376798456637
 0.7464510886022836 -0.801325423679319 -0.9812725980885728
 0.05766110251947357 -0.09425404712849281 0.2567919719204506
 -0.751754403114719 -0.309161805496953 0.311582219158874
 -0.8280367511965206 -0.4591810487338592 -1.567149021183021
 -0.3384037729806381 -0.4816915775205974 0.0832565336646998
 0.6048372860365255 0.1015061618526981 -0.1449648613475689
 -0.3133130074468649 -0.7385494837126451 0.5779661285358669
 1.340858638475374 -0.5248239804623731 0.6945678673612218
 -0.03612334340450518 -0.4167891071912606 -0.3083084699319338
 0.6800236032820076 0.08015018106196083 0.1516438475044016
 -0.1328995049104694 0.9967640143570397 -0.8274348245306393
 -0.4422545666409033 -0.8478955805710909 -0.1736413705164991
 -0.831370585988535 0.5795657306848181 -0.3561107083532056

# name: <cell-element>
# type: string
# elements: 1
# length: 5
f_ccs

# name: <cell-element>
# type: string
# elements: 1
# length: 6
df_ccs


# name: <cell-element>
# type: cell
# rows: 1
# columns: 5
# name: <cell-element>
# type: matrix
# rows: 2
# columns: 1
 0.1235814341034197
 0.7912924787120447

# name: <cell-element>
# type: matrix
# rows: 2
# columns: 1
 0.1235814341034197
 0.7912924787120447

# name: <cell-element>
# type: matrix
# rows: 2
# columns: 21
 0.178303437039605 -0.1676555673684515 0.3036274633033903 -0.2202622820836962 0.08969359390027061 -0.04512897482634306 -0.011805222771795 0.05493405039548228 0.1490661382413767 -0.2049683049411593 -0.1853437048672263 -0.01955388303401555 0.02701658309962648 0.3445259747601749 0.3155401468882587 0.2307425953605776 -0.09436685101239682 0.008253852097227846 0.1522676568062077 -0.03396329517515609 0.1190841435695607
 0.1788503443277821 -0.3769646267380789 0.02952369707276281 0.08580859557982812 -0.06017968389454038 -0.1643945026133243 -0.1480726455456828 -0.1255442210448365 0.09031759180877451 -0.254442715449447 -0.2690983425266462 0.01890158343491204 -0.07230685999413163 0.3240966264889118 -0.07342697550032912 0.2670365836627428 0.3576467891432514 0.1661033811043912 -0.06466067937601266 0.1720486339238578 0.02397034206852931

# name: <cell-element>
# type: string
# elements: 1
# length: 9
f_sorties

# name: <cell-element>
# type: string
# elements: 1
# length: 10
df_sorties


