# Created by Octave 3.0.1, Sun Mar 22 21:47:43 2009 CET <artieres@artieres-laptop>
# name: pmc
# type: cell
# rows: 1
# columns: 3
# name: <cell-element>
# type: cell
# rows: 1
# columns: 5
# name: <cell-element>
# type: matrix
# rows: 2
# columns: 1
 -0.5666647799477822
 0.4955172012383498

# name: <cell-element>
# type: matrix
# rows: 2
# columns: 1
 -0.5666647799477822
 0.4955172012383498

# name: <cell-element>
# type: matrix
# rows: 2
# columns: 1
 0
 0

# name: <cell-element>
# type: string
# elements: 1
# length: 4
flin

# name: <cell-element>
# type: string
# elements: 1
# length: 5
dflin


# name: <cell-element>
# type: cell
# rows: 1
# columns: 5
# name: <cell-element>
# type: matrix
# rows: 10
# columns: 1
 0.4450370790883648
 0.9875186080503107
 -0.4930938742077746
 -1.158949675442447
 -2.314000196190804
 0.577377213491464
 0.8026008389498146
 -0.33047569283654
 0.613149793414779
 -0.06765847674795403

# name: <cell-element>
# type: matrix
# rows: 10
# columns: 1
 0.4434481659402876
 0.9038887422958265
 -0.4887772352085159
 -1.022414991131505
 -1.5007912840323
 0.5664441262202021
 0.7607372409000922
 -0.332735857167324
 0.5986458735021367
 -0.06897376175480711

# name: <cell-element>
# type: matrix
# rows: 10
# columns: 3
 -0.6358764583366827 -0.5329492457474333 1.568059131194888
 1.619813141311349 0.503215282775786 -0.7153431056124609
 0.5696888582684513 0.3419949255815838 -1.739271086030591
 0.0580973069096388 0.7132418171518697 -1.645500254800382
 -1.964708748355 0.3330996178418623 -0.3229540532631409
 0.769363320736421 1.295263650243902 1.096635609315249
 0.9328395757317676 0.44523248142206 0.2551623108827668
 -0.6472493208728682 -0.2241568687579871 0.3928123513390137
 -0.2676646547479284 -0.02811867226236754 1.748568186261136
 -0.03786539501632771 -0.09575803565704365 -0.1684404353351554

# name: <cell-element>
# type: string
# elements: 1
# length: 5
f_ccs

# name: <cell-element>
# type: string
# elements: 1
# length: 6
df_ccs


# name: <cell-element>
# type: cell
# rows: 1
# columns: 5
# name: <cell-element>
# type: matrix
# rows: 2
# columns: 1
 0.5511019136829719
 0.4419547434604175

# name: <cell-element>
# type: matrix
# rows: 2
# columns: 1
 0.5511019136829719
 0.4419547434604175

# name: <cell-element>
# type: matrix
# rows: 2
# columns: 11
 0.3644304580821248 0.08584572645433713 -0.3868759226441654 0.3934815138128548 -0.09633799821658214 -0.2596029762724326 0.07005067496931887 0.2082903038667162 -0.02531295878303202 0.09392663405386836 -0.01485211910397459
 -0.4112588924916165 0.2264622765269655 0.3241903861215503 -0.1510928069454266 0.20097746008087 -0.4018743885414098 -0.05256393228428723 -0.1949820686742231 -0.3851473366526631 -0.04346866733980603 -0.0563410135973178

# name: <cell-element>
# type: string
# elements: 1
# length: 9
f_sorties

# name: <cell-element>
# type: string
# elements: 1
# length: 10
df_sorties


