# Created by Octave 3.0.1, Sun Mar 22 21:49:00 2009 CET <artieres@artieres-laptop>
# name: pmc
# type: cell
# rows: 1
# columns: 3
# name: <cell-element>
# type: cell
# rows: 1
# columns: 5
# name: <cell-element>
# type: matrix
# rows: 2
# columns: 1
 -0.9089003080406423
 1.029702133866358

# name: <cell-element>
# type: matrix
# rows: 2
# columns: 1
 -0.9089003080406423
 1.029702133866358

# name: <cell-element>
# type: matrix
# rows: 2
# columns: 1
 0
 0

# name: <cell-element>
# type: string
# elements: 1
# length: 4
flin

# name: <cell-element>
# type: string
# elements: 1
# length: 5
dflin


# name: <cell-element>
# type: cell
# rows: 1
# columns: 5
# name: <cell-element>
# type: matrix
# rows: 16
# columns: 1
 0.2686600960934726
 -0.6398269145407758
 1.216897429100171
 0.7602154383184091
 0.5476253498996437
 -0.4367533703795365
 -0.9367242626282155
 1.796431774287759
 -0.528923472617242
 0.3086422226395006
 -1.095729612801869
 -0.05290297162808428
 -0.2903151838525167
 1.002995703698708
 0.4832634791351076
 0.7291589133114653

# name: <cell-element>
# type: matrix
# rows: 16
# columns: 1
 0.271684201549492
 -0.6223466418772607
 1.059355083461431
 0.725771155656549
 0.5393079306551265
 -0.4355635528643169
 -0.8661252317576232
 1.34708648304609
 -0.5220912735484845
 0.311265041613737
 -0.9803147434055397
 -0.05394291571483156
 -0.2931624380187518
 0.9151564743701444
 0.479563601086543
 0.6996625258179042

# name: <cell-element>
# type: matrix
# rows: 16
# columns: 3
 -0.03787933128267695 -0.02748636256872891 0.2684737251398653
 0.08536996694300318 0.4524488520912312 -0.2955454468262191
 0.3304774378727856 -0.6310908641403266 0.3092895636285958
 -0.2994645649575099 -0.8293664306092914 0.2971313779946255
 0.02586163133818202 0.5050112581188785 0.9626840302849444
 -0.1165176433282794 -0.08064487605243663 -0.3837735794824306
 -0.7610082964033617 0.1158754033504497 -0.07530016347296585
 1.957060900255516 1.208970442721119 0.9057567217929265
 -0.3209911598820961 0.3653651822755438 0.121336398361183
 -0.00945874387399101 0.07937508730358053 0.3851126512095386
 -0.2556536594157354 1.404043467314143 0.4164908835062748
 0.4160749667202659 -0.05370513267433481 -0.4983633285058014
 0.1421795543344954 1.265800546356821 0.6958947186096273
 0.3866749719666133 0.3281067929340998 0.8836933827139376
 0.4010644202582156 0.8168156204974145 0.7964368893601645
 -0.2492395538355415 -0.9364062597756392 0.111030829374351

# name: <cell-element>
# type: string
# elements: 1
# length: 5
f_ccs

# name: <cell-element>
# type: string
# elements: 1
# length: 6
df_ccs


# name: <cell-element>
# type: cell
# rows: 1
# columns: 5
# name: <cell-element>
# type: matrix
# rows: 2
# columns: 1
 0.6546431816148041
 0.3716164224306895

# name: <cell-element>
# type: matrix
# rows: 2
# columns: 1
 0.6546431816148041
 0.3716164224306895

# name: <cell-element>
# type: matrix
# rows: 2
# columns: 17
 0.1682651648269744 -0.1232263801644255 -0.1660695130244005 -0.04785047401514635 0.01930733300609935 -0.2617881891905115 0.1050373188116098 -0.3182117499793633 0.1731796497139764 0.04226708514766967 0.04249742786228684 0.02221191976945953 -0.1577692985185617 0.1878586837520052 0.05906762603065711 0.02839680096581079 0.03143271208144943
 0.1633193960057793 -0.2640016070982083 0.113834279507032 0.2293266907228697 0.04193823300116545 0.05933760538917414 0.05036125205572926 -0.6165006532389857 -0.1900967306623021 0.05425037726021875 0.2299632162065236 -0.2958773544469411 -0.03976939379241635 0.1480375448776929 -0.09078076790894556 -0.09130262577679826 -0.3740248382192755

# name: <cell-element>
# type: string
# elements: 1
# length: 9
f_sorties

# name: <cell-element>
# type: string
# elements: 1
# length: 10
df_sorties


