# Created by Octave 3.0.1, Sun Mar 22 21:51:03 2009 CET <artieres@artieres-laptop>
# name: pmc
# type: cell
# rows: 1
# columns: 3
# name: <cell-element>
# type: cell
# rows: 1
# columns: 5
# name: <cell-element>
# type: matrix
# rows: 2
# columns: 1
 0.001980085784780194
 0.590503329206486

# name: <cell-element>
# type: matrix
# rows: 2
# columns: 1
 0.001980085784780194
 0.590503329206486

# name: <cell-element>
# type: matrix
# rows: 2
# columns: 1
 0
 0

# name: <cell-element>
# type: string
# elements: 1
# length: 4
flin

# name: <cell-element>
# type: string
# elements: 1
# length: 5
dflin


# name: <cell-element>
# type: cell
# rows: 1
# columns: 5
# name: <cell-element>
# type: matrix
# rows: 18
# columns: 1
 -4.341167956215974
 0.3307878112588593
 -0.01129243585949402
 -1.24261662962062
 0.2422939165396203
 -0.04828921814559741
 -0.3216345625609552
 -0.009228935553070281
 -0.004002784291204232
 -0.5771475421929393
 0.1430027845125174
 0.05354499409783047
 0.1093985148200799
 0.2242112283132328
 -2.190876710718052
 0.01727042945442169
 0.08908285223420098
 -0.04070501599788901

# name: <cell-element>
# type: matrix
# rows: 18
# columns: 1
 -1.681520184201572
 0.3330420106337357
 -0.0115181083237559
 -1.075247660869916
 0.2454133474959064
 -0.04924122450997984
 -0.3240544412708062
 -0.00941341805175764
 -0.004082832127076772
 -0.5662358609076551
 0.1455059472879696
 0.05459711124704423
 0.1114265043055544
 0.2273257661848641
 -1.471207462216327
 0.01761520756225911
 0.09077807863276026
 -0.04151086313247062

# name: <cell-element>
# type: matrix
# rows: 18
# columns: 3
 -3.155208297957775 -2.406772616985172 -2.000837511902859
 -1.090159965152 0.5451489609217742 2.3759717160805
 -0.01952068381468789 0.01292139700965863 0.01389895934128594
 -0.7821570725314047 -0.5859662318108652 -0.7703228830085256
 -1.917785172389753 -0.9417983388409892 3.689884364564816
 -0.08234846466117458 -0.02433812425591196 0.05736582487247124
 -0.3827603091655072 -0.3914838276863558 0.1032565060704218
 -0.01258947645335323 0.008419334202797798 0.00566504192424163
 -0.0124125390663709 0.02409990236921483 0.01425693771549427
 -0.3671082587211802 -0.1338087307762381 -0.3547419168316112
 0.08469517339185995 0.1956920607934169 0.09963387569394302
 0.04219892602342448 0.003439791135558292 0.01953376983813548
 -2.1806863428913 3.968547199435686 3.901309859079932
 1.773025452111028 2.147226838937021 -2.613755289599987
 -1.861547394698266 -1.164018599788816 -0.5465612818966402
 0.03683396376743376 -0.009254168777174714 -0.03297604612245111
 -0.8452377814220335 2.204965969336627 1.547996312796103
 -0.02579689353937893 -0.059582534065248 -0.02561111731845619

# name: <cell-element>
# type: string
# elements: 1
# length: 5
f_ccs

# name: <cell-element>
# type: string
# elements: 1
# length: 6
df_ccs


# name: <cell-element>
# type: cell
# rows: 1
# columns: 5
# name: <cell-element>
# type: matrix
# rows: 2
# columns: 1
 0.4842666569905851
 0.5117948209111551

# name: <cell-element>
# type: matrix
# rows: 2
# columns: 1
 0.4842666569905851
 0.5117948209111551

# name: <cell-element>
# type: matrix
# rows: 2
# columns: 19
 0.1085063034048468 0.6324063487820611 0.7799131656518592 -0.03843687792795015 -0.2529494921826386 -0.7786706989020172 -0.07979611464329005 0.02702418425614535 -0.0007169445085425474 -0.08676044106728602 -0.1538417159674491 -0.07140930130792668 0.04719018348108697 -0.966257981696709 -0.4423532236376389 -0.7476623265049139 0.2562796185576278 0.7161713727853175 0.03707379390712962
 0.7971894501380912 -0.6649474160349756 -0.781270353003321 -0.03789306210986124 0.3878916358081292 0.7726474110013329 -0.1006914488970274 -0.06415929561107675 -0.00074283696413456 -0.08107446059196702 -0.1319179340850778 0.01351595111309725 0.0651207118816562 0.9670259899789636 0.438482195032785 0.7520232193838591 0.2609760054365071 -0.7042848451255789 0.006404067939590795

# name: <cell-element>
# type: string
# elements: 1
# length: 9
f_sorties

# name: <cell-element>
# type: string
# elements: 1
# length: 10
df_sorties


