# Created by Octave 3.0.1, Sun Mar 22 21:47:55 2009 CET <artieres@artieres-laptop>
# name: pmc
# type: cell
# rows: 1
# columns: 3
# name: <cell-element>
# type: cell
# rows: 1
# columns: 5
# name: <cell-element>
# type: matrix
# rows: 2
# columns: 1
 -1.090295524339914
 0.4584318282371275

# name: <cell-element>
# type: matrix
# rows: 2
# columns: 1
 -1.090295524339914
 0.4584318282371275

# name: <cell-element>
# type: matrix
# rows: 2
# columns: 1
 0
 0

# name: <cell-element>
# type: string
# elements: 1
# length: 4
flin

# name: <cell-element>
# type: string
# elements: 1
# length: 5
dflin


# name: <cell-element>
# type: cell
# rows: 1
# columns: 5
# name: <cell-element>
# type: matrix
# rows: 12
# columns: 1
 0.7996472611657225
 -0.1426805594494285
 1.819534193499259
 0.5565366236213565
 -0.7293110188278927
 -1.222351721043792
 -0.6821780542470208
 -0.5755038347584586
 0.4628054038112432
 0.9413918954480234
 0.01606072387621225
 -0.7118356699916891

# name: <cell-element>
# type: matrix
# rows: 12
# columns: 1
 0.7583259635103777
 -0.1451796801437656
 1.355758919483475
 0.5474687316435636
 -0.6997913886549179
 -1.06275117493634
 -0.6594027335974509
 -0.5647447937077051
 0.460291176745657
 0.8696453506055396
 0.01638143129224072
 -0.6849233111340507

# name: <cell-element>
# type: matrix
# rows: 12
# columns: 3
 0.565655238196954 -0.03858642985134916 0.4282782749878843
 -1.527408958828276 -1.558455875954695 -0.6883904547788863
 1.092441598963471 -0.6982089450235699 -0.07320201752067142
 0.6730489066021711 0.3464025761271526 0.5643308332985973
 -0.09239537080981899 0.6365117692525679 0.1316808817982262
 -0.03069962674907842 1.17929892850306 0.1942912618142981
 -0.2791065127055666 0.4599786053588308 0.2156398037223088
 0.3499550730014687 0.4879333371438299 -0.858235206471255
 0.5467038280333603 0.1605761501528905 0.1958608193086024
 0.03081061900343777 -0.8770526218161232 -0.1105981604864271
 -0.3682395910960263 -0.3439657188456677 0.01447665058125107
 -1.236678258541113 -0.7184386474817751 -0.5553611043127492

# name: <cell-element>
# type: string
# elements: 1
# length: 5
f_ccs

# name: <cell-element>
# type: string
# elements: 1
# length: 6
df_ccs


# name: <cell-element>
# type: cell
# rows: 1
# columns: 5
# name: <cell-element>
# type: matrix
# rows: 2
# columns: 1
 0.3597021194284578
 0.6206834676545585

# name: <cell-element>
# type: matrix
# rows: 2
# columns: 1
 0.3597021194284578
 0.6206834676545585

# name: <cell-element>
# type: matrix
# rows: 2
# columns: 13
 -0.0254474133209676 0.09361775657074115 0.1117051594281389 0.04944295784883921 -0.1454986629849964 -0.3925786673982928 0.4143104474587796 0.01278312694980194 0.1215562322815804 0.3547516735479352 0.1749790807397573 0.07282199604608418 -0.3141474620582432
 0.2168412411944801 0.3989236575696546 0.04198329379744662 0.1562814578805049 -0.2792966188210756 -0.1667508748945037 -0.07362127710110274 0.02922907635325673 0.1087267984882813 0.2616382441023709 -0.1920775422727136 -0.07405658761738804 -0.05664085336775732

# name: <cell-element>
# type: string
# elements: 1
# length: 9
f_sorties

# name: <cell-element>
# type: string
# elements: 1
# length: 10
df_sorties


