# Created by Octave 3.0.1, Sun Mar 22 21:47:49 2009 CET <artieres@artieres-laptop>
# name: pmc
# type: cell
# rows: 1
# columns: 3
# name: <cell-element>
# type: cell
# rows: 1
# columns: 5
# name: <cell-element>
# type: matrix
# rows: 2
# columns: 1
 0.1992664347006934
 1.856258311168619

# name: <cell-element>
# type: matrix
# rows: 2
# columns: 1
 0.1992664347006934
 1.856258311168619

# name: <cell-element>
# type: matrix
# rows: 2
# columns: 1
 0
 0

# name: <cell-element>
# type: string
# elements: 1
# length: 4
flin

# name: <cell-element>
# type: string
# elements: 1
# length: 5
dflin


# name: <cell-element>
# type: cell
# rows: 1
# columns: 5
# name: <cell-element>
# type: matrix
# rows: 11
# columns: 1
 1.344097132914977
 -1.430885917491733
 2.380021560822666
 0.05026383886778767
 -0.8905332539640127
 1.308215481395964
 -1.693764630251248
 -0.6752918456801099
 3.490989126272258
 0.123550447486883
 -1.987308936666576

# name: <cell-element>
# type: matrix
# rows: 11
# columns: 1
 1.134974123548876
 -1.182350538266939
 1.515139733105116
 0.05125357781354099
 -0.8307498027674579
 1.114395717967482
 -1.306175145890596
 -0.6534260349783817
 1.649230341721717
 0.1257911209632383
 -1.413239235767544

# name: <cell-element>
# type: matrix
# rows: 11
# columns: 3
 -0.05427338152911972 -0.4098654582561717 0.7978948330766068
 -0.9786159308441796 0.678819147911159 -0.3131660098028557
 0.8367174700030635 -0.7041051371299091 0.9079791828249908
 1.06855456408353 -0.6139360617999403 -0.4747170937153937
 -0.1277623189745979 0.6100620762077275 -0.4756147951036674
 0.7535904592888366 -0.4713926930527197 0.3495427902244823
 -0.1949652986337592 -0.1226791152917772 -0.7954226590170214
 -0.2309485169937266 -0.01737749825350669 -0.242660139323807
 0.7083121168617049 0.1138784325291263 1.486824371818486
 0.5730344418976657 -0.3771005655501436 -0.1941767228542083
 -1.011950853335894 -0.3195410032659713 -0.4938976101460921

# name: <cell-element>
# type: string
# elements: 1
# length: 5
f_ccs

# name: <cell-element>
# type: string
# elements: 1
# length: 6
df_ccs


# name: <cell-element>
# type: cell
# rows: 1
# columns: 5
# name: <cell-element>
# type: matrix
# rows: 2
# columns: 1
 0.6416926029077835
 0.3796475082879197

# name: <cell-element>
# type: matrix
# rows: 2
# columns: 1
 0.6416926029077835
 0.3796475082879197

# name: <cell-element>
# type: matrix
# rows: 2
# columns: 12
 -0.2419456688514128 0.2163891801731617 0.2242949113111771 0.0166077246525694 0.2149149712438141 0.371873478965262 0.5914480682379077 -0.04147004285544823 -0.06721867258552125 -0.02628682939602288 0.2599830014146848 -0.3782337876362808
 0.662707921220016 0.1327780771453105 -0.1210078569909747 -0.2648589357936071 -0.2264805780750622 0.3066904781127102 0.5278835166322315 0.1322121296586141 0.271341372130507 -0.02128897965123117 -0.1619417296334502 0.1438459106650989

# name: <cell-element>
# type: string
# elements: 1
# length: 9
f_sorties

# name: <cell-element>
# type: string
# elements: 1
# length: 10
df_sorties


