# Created by Octave 3.0.1, Sun Mar 22 21:48:51 2009 CET <artieres@artieres-laptop>
# name: pmc
# type: cell
# rows: 1
# columns: 3
# name: <cell-element>
# type: cell
# rows: 1
# columns: 5
# name: <cell-element>
# type: matrix
# rows: 2
# columns: 1
 -1.09814088497006
 -0.6318343965713507

# name: <cell-element>
# type: matrix
# rows: 2
# columns: 1
 -1.09814088497006
 -0.6318343965713507

# name: <cell-element>
# type: matrix
# rows: 2
# columns: 1
 0
 0

# name: <cell-element>
# type: string
# elements: 1
# length: 4
flin

# name: <cell-element>
# type: string
# elements: 1
# length: 5
dflin


# name: <cell-element>
# type: cell
# rows: 1
# columns: 5
# name: <cell-element>
# type: matrix
# rows: 14
# columns: 1
 -0.01085723621026711
 -2.182504829343192
 -0.2664835336745945
 1.849345685929201
 -1.471883401040336
 -2.067645867664272
 0.04021891215790131
 -2.689911900081435
 -1.53313502905896
 -1.020424075516014
 -0.3454945520187686
 -0.2125457300873459
 0.3215103870220109
 0.1126745560385607

# name: <cell-element>
# type: matrix
# rows: 14
# columns: 1
 -0.01107422428392923
 -1.469054282538114
 -0.2695203600049511
 1.366670075780293
 -1.203572660061267
 -1.437559229594092
 0.04101532933497426
 -1.570360038505937
 -1.233929908344186
 -0.9277105934874971
 -0.3474418922219027
 -0.2156289676957841
 0.3239323827815958
 0.1147532776098512

# name: <cell-element>
# type: matrix
# rows: 14
# columns: 3
 0.3637224252867256 0.5121839989435724 -0.2867961068798131
 0.3235362634041315 1.609036222622619 1.15976887398933
 0.2862866177292751 0.3927974308377895 0.1640538337533048
 0.04639209782272577 -1.049141479491856 -1.04062661742041
 -1.634728866136714 -0.6219030354270955 0.8140135095212845
 -0.3609683207890947 1.882186741699094 -0.5684105715300317
 0.1685741555769018 -0.03999971613526321 0.2625674274094729
 -1.0202897636181 1.074200031222696 0.7752608157798028
 0.1847923881927027 1.192082720761921 0.6537632770701359
 -0.3457667696345558 0.7596207554858716 -0.2548730985235571
 0.4250122276028273 0.5305986837564126 0.2752243779145183
 0.5081052366516141 0.4288775218851191 0.390129309024935
 0.1278734497777545 -0.5558535008393715 0.6807068531369209
 0.5350721514213681 -0.5633661035387766 1.643630443560971

# name: <cell-element>
# type: string
# elements: 1
# length: 5
f_ccs

# name: <cell-element>
# type: string
# elements: 1
# length: 6
df_ccs


# name: <cell-element>
# type: cell
# rows: 1
# columns: 5
# name: <cell-element>
# type: matrix
# rows: 2
# columns: 1
 0.195513466283847
 0.8346046301960038

# name: <cell-element>
# type: matrix
# rows: 2
# columns: 1
 0.195513466283847
 0.8346046301960038

# name: <cell-element>
# type: matrix
# rows: 2
# columns: 15
 0.4693566317992893 -0.01560957586722433 0.209702016704142 0.1064451550426734 0.3214541625256438 0.08342064737081474 -0.09351811440346634 0.2543397507823985 -0.02436683014536133 0.05571458048037901 0.1534750212992132 0.02550297865976086 0.1422817516796553 0.05112147534061794 -0.04998346858707282
 0.4620501210378313 0.1367391427374475 -0.3172760020192587 -0.3030144750294977 -0.1614228948937842 -0.14405853824557 0.04250822508326171 0.09873794364564295 0.001469678954249622 0.2956964517480214 0.1282382151797778 -0.2949015738713359 0.0704463569189554 0.3531830741878463 -0.1100797024376686

# name: <cell-element>
# type: string
# elements: 1
# length: 9
f_sorties

# name: <cell-element>
# type: string
# elements: 1
# length: 10
df_sorties


