# Created by Octave 3.0.1, Sun Mar 22 21:48:54 2009 CET <artieres@artieres-laptop>
# name: pmc
# type: cell
# rows: 1
# columns: 3
# name: <cell-element>
# type: cell
# rows: 1
# columns: 5
# name: <cell-element>
# type: matrix
# rows: 2
# columns: 1
 -1.792778674299618
 -1.115455458142336

# name: <cell-element>
# type: matrix
# rows: 2
# columns: 1
 -1.792778674299618
 -1.115455458142336

# name: <cell-element>
# type: matrix
# rows: 2
# columns: 1
 0
 0

# name: <cell-element>
# type: string
# elements: 1
# length: 4
flin

# name: <cell-element>
# type: string
# elements: 1
# length: 5
dflin


# name: <cell-element>
# type: cell
# rows: 1
# columns: 5
# name: <cell-element>
# type: matrix
# rows: 15
# columns: 1
 1.595428451427997
 0.0295487857163154
 0.6241117886101394
 -1.197418043071005
 1.004059431098998
 0.8128569565748874
 1.487997302690147
 -0.8206763869553741
 0.5679725048086783
 -0.07993342059880884
 1.455818691026494
 -0.2115510541848139
 1.464116642880917
 0.8902033846457608
 0.04002304549001587

# name: <cell-element>
# type: matrix
# rows: 15
# columns: 1
 1.263186493796265
 0.03013660391338394
 0.6084177962338685
 -1.047112945919208
 0.9159267819767335
 0.7690805420196941
 1.211714364962154
 -0.775410499823827
 0.5579003800449375
 -0.08146963400965614
 1.195344098741723
 -0.2146306457521642
 1.19960839614408
 0.8304936610821807
 0.04081566106197195

# name: <cell-element>
# type: matrix
# rows: 15
# columns: 3
 0.6712816765583723 -0.4955305347862592 -0.02623749012283307
 -0.4893034129317189 -0.3699625497494322 0.137274883811049
 -1.118215993847451 -0.8561239668456156 -0.1927866616248033
 0.9634497216343889 0.5929693859732504 0.9950845125207366
 1.112909948026946 -0.4578359854809977 0.8322617601522901
 0.2908999823745987 -0.1772251484859244 -0.1763467346720596
 -0.03336223166159327 -0.5072719583416245 -0.5506779413346085
 -0.1020223982945874 0.5068951545606613 -0.1717992177165752
 0.6495138810917828 0.1884551631588845 -0.2343841957591994
 0.4479304541268236 0.2278322981653973 0.1142432341376784
 1.237235653396265 -0.3089785592062215 0.2952342180033291
 0.07291497007615233 0.1063534709723316 0.08264743484474125
 -0.3118248244007574 -0.7441920879297229 -0.3970783214866428
 -0.3438821796556604 -0.1573965790959744 -0.8343813968429618
 0.1351627386526167 0.01144126956581946 0.07807076781890807

# name: <cell-element>
# type: string
# elements: 1
# length: 5
f_ccs

# name: <cell-element>
# type: string
# elements: 1
# length: 6
df_ccs


# name: <cell-element>
# type: cell
# rows: 1
# columns: 5
# name: <cell-element>
# type: matrix
# rows: 2
# columns: 1
 0.4008356834254144
 0.5861938944379103

# name: <cell-element>
# type: matrix
# rows: 2
# columns: 1
 0.4008356834254144
 0.5861938944379103

# name: <cell-element>
# type: matrix
# rows: 2
# columns: 16
 0.155843738706912 -0.1346075661720273 -0.01077008861149728 -0.2452906994459231 0.2364100606726677 -0.01039602971406943 0.2021367714510776 -0.1141054638320262 -0.3236673491638489 0.1516877369335441 0.0518149265888282 -0.04639175805426202 0.02802827873954103 0.1266304796732099 0.3294586515740442 0.422055873883051
 0.3060280999644693 -0.4262720754560632 -0.1997240347968924 -0.0391810993683052 -0.2145288993389486 0.04439596621630548 0.00215583122516343 0.01166236798131446 -0.2836620051417113 0.280958395540427 -0.1261428093900022 0.2336504903326575 0.05929274824978877 0.1918570247752505 -0.2735297499798297 0.1381710577081463

# name: <cell-element>
# type: string
# elements: 1
# length: 9
f_sorties

# name: <cell-element>
# type: string
# elements: 1
# length: 10
df_sorties


