# Created by Octave 3.0.1, Sun Mar 22 21:48:44 2009 CET <artieres@artieres-laptop>
# name: pmc
# type: cell
# rows: 1
# columns: 3
# name: <cell-element>
# type: cell
# rows: 1
# columns: 5
# name: <cell-element>
# type: matrix
# rows: 2
# columns: 1
 -1.849159063342099
 -1.499646817249199

# name: <cell-element>
# type: matrix
# rows: 2
# columns: 1
 -1.849159063342099
 -1.499646817249199

# name: <cell-element>
# type: matrix
# rows: 2
# columns: 1
 0
 0

# name: <cell-element>
# type: string
# elements: 1
# length: 4
flin

# name: <cell-element>
# type: string
# elements: 1
# length: 5
dflin


# name: <cell-element>
# type: cell
# rows: 1
# columns: 5
# name: <cell-element>
# type: matrix
# rows: 13
# columns: 1
 9.363133755522204
 -0.8322378349662338
 7.411714859730647
 0.2768422173973256
 -4.011648835612557
 -0.6567762016665536
 -0.8163964233396056
 0.7153188181175897
 0.2859003670576181
 -0.105584601566802
 0.06028455169010791
 0.3143110315479692
 -0.4569697363031519

# name: <cell-element>
# type: matrix
# rows: 13
# columns: 1
 1.699955141535975
 -0.7847201172064577
 1.699533577924532
 0.2798103687056538
 -1.672629402466639
 -0.6372619122723898
 -0.7719491409406775
 0.6878969031941625
 0.2887912541194905
 -0.1075524513170991
 0.06146344040892974
 0.3168498820120648
 -0.4547699574262346

# name: <cell-element>
# type: matrix
# rows: 13
# columns: 3
 1.381088015153151 -2.628496187493078 -2.081514236920535
 0.004429098451920205 0.239940952925695 0.2671468939261754
 1.174797413377269 -2.557045934763472 -1.005945787951363
 -0.00416737558110504 -0.07611216374575457 -0.09557958557931592
 -0.9881536280670571 1.663673455326079 -0.0358105322589111
 -0.5986290644120079 -0.2579383800137932 0.357307583372572
 -0.2962021540326343 0.2304312542130413 0.06556108536646281
 0.31969794808937 -0.007049272277163979 -0.2573208497354174
 0.04747530867054534 -0.1068862386375776 -0.02929063700258936
 -0.07182111255088411 -0.02949600579228971 0.05895409282051899
 0.1166050111486263 0.1604562290255075 -0.1586675553216578
 -0.02799830455857119 -0.09974598477392575 -0.1077721238116398
 -0.1844039039342399 0.1183994934919795 0.03811115966238945

# name: <cell-element>
# type: string
# elements: 1
# length: 5
f_ccs

# name: <cell-element>
# type: string
# elements: 1
# length: 6
df_ccs


# name: <cell-element>
# type: cell
# rows: 1
# columns: 5
# name: <cell-element>
# type: matrix
# rows: 2
# columns: 1
 0.2524858553968669
 0.7388052824480508

# name: <cell-element>
# type: matrix
# rows: 2
# columns: 1
 0.2524858553968669
 0.7388052824480508

# name: <cell-element>
# type: matrix
# rows: 2
# columns: 14
 0.3636742933017078 0.5767706576665267 0.1605227173030379 -0.8757836334545157 -0.18972124905348 -0.3951008598328212 0.1157831302149095 0.2088421944208887 0.1242794549393572 0.1738889227133078 -0.1088183357602334 0.09193974850834856 -0.2058962128787018 -0.01179856500862821
 0.6017645810524209 -0.5750344659290502 -0.1478951452436106 0.867404650885286 -0.08477837912546712 0.3659834253276363 0.08051315563072177 0.03258465654849173 0.2468127560431945 0.2694947923419436 -0.1093732800819879 0.01500440156266146 -0.07763633855925167 -0.1312472953896327

# name: <cell-element>
# type: string
# elements: 1
# length: 9
f_sorties

# name: <cell-element>
# type: string
# elements: 1
# length: 10
df_sorties


