# Created by Octave 3.0.1, Sun Mar 22 21:51:11 2009 CET <artieres@artieres-laptop>
# name: Results
# type: matrix
# rows: 20
# columns: 4
 0.7074360951737906 0.7072309471004874 0.5 0.5
 0.7077965676154668 0.7098589252540727 0.4861111111111112 0.5208333333333333
 0.7050214124640071 0.7051901126192993 0.4861111111111112 0.4895833333333334
 0.7000804778312021 0.6994755559974452 0.4756944444444444 0.4791666666666666
 0.6887800329760333 0.709195637899255 0.4791666666666666 0.53125
 0.6999814622973592 0.7060588101313422 0.5 0.5
 0.7029450106728614 0.7044835185033443 0.4965277777777778 0.4895833333333334
 0.7010750345244103 0.7171581959885799 0.5173611111111112 0.53125
 0.6984920329515849 0.702548552060506 0.4895833333333334 0.4895833333333334
 0.6801518158418671 0.6985355670558926 0.46875 0.5104166666666667
 0.6926937229260486 0.708798496245148 0.4826388888888888 0.5208333333333333
 0.7014285269132841 0.7036988402496686 0.4826388888888888 0.4791666666666666
 0.6288877176518357 0.666280946401015 0.4340277777777778 0.5
 0.6899392838284976 0.6965361127312956 0.4548611111111112 0.5
 0.6952594945836951 0.7012379409093504 0.46875 0.46875
 0.6905746597782502 0.7047259779681867 0.4618055555555556 0.46875
 0.7019674024448864 0.7139266826295779 0.4861111111111112 0.4895833333333334
 0.3977788874231327 0.456263834039303 0.1423611111111112 0.2083333333333334
 0.6899069836113627 0.7041191675501487 0.4340277777777778 0.4583333333333334
 0.6921813396775404 0.6984788243146132 0.4756944444444444 0.46875
