# Created by Octave 3.0.1, Sun Mar 22 21:53:01 2009 CET <artieres@artieres-laptop>
# name: Results
# type: matrix
# rows: 20
# columns: 4
 0.7064470960390858 0.7074591389726668 0.5277777777777778 0.4895833333333334
 0.7073212990753218 0.7068831693506813 0.4791666666666666 0.4791666666666666
 0.7045833840058907 0.7046692723246383 0.4791666666666666 0.5
 0.7106958876350716 0.7095563462486592 0.5069444444444444 0.5416666666666667
 0.7115461430333206 0.7124781770732286 0.4756944444444444 0.5208333333333333
 0.69402487418701 0.7017134556383063 0.4583333333333334 0.5104166666666667
 0.7123032334164329 0.701785961486892 0.4930555555555556 0.4583333333333334
 0.7123599634697414 0.7144827885204553 0.4826388888888888 0.5208333333333333
 0.7033843681300816 0.7067198853443504 0.4791666666666666 0.5208333333333333
 0.7190318690833084 0.7214932333768719 0.5625 0.5416666666666667
 0.7073919351975625 0.7014765466428772 0.5659722222222222 0.4895833333333334
 0.6987806275814266 0.7198741405037267 0.4826388888888888 0.5
 0.7027494155124642 0.7075350104684027 0.4340277777777778 0.46875
 0.7146672346275486 0.7148123698158378 0.4861111111111112 0.4375
 0.7114534230580891 0.7100493559277549 0.4895833333333334 0.4791666666666666
 0.7031009453415324 0.7029148325501317 0.4826388888888888 0.5
 0.7108070320351111 0.7146899272773911 0.5243055555555556 0.5104166666666667
 0.7054206975919018 0.7032684823411679 0.4548611111111112 0.4583333333333334
 0.6970888054464148 0.7044248942823806 0.4930555555555556 0.4791666666666666
 0.6994359492408564 0.7079181410080381 0.4826388888888888 0.5104166666666667
