# Created by Octave 3.0.1, Sun Mar 22 22:06:46 2009 CET <artieres@artieres-laptop>
# name: pmc
# type: cell
# rows: 1
# columns: 3
# name: <cell-element>
# type: cell
# rows: 1
# columns: 5
# name: <cell-element>
# type: matrix
# rows: 2
# columns: 1
 0.6846553513537664
 -9.003481781977296e-05

# name: <cell-element>
# type: matrix
# rows: 2
# columns: 1
 0.6846553513537664
 -9.003481781977296e-05

# name: <cell-element>
# type: matrix
# rows: 2
# columns: 1
 0
 0

# name: <cell-element>
# type: string
# elements: 1
# length: 4
flin

# name: <cell-element>
# type: string
# elements: 1
# length: 5
dflin


# name: <cell-element>
# type: cell
# rows: 1
# columns: 5
# name: <cell-element>
# type: matrix
# rows: 19
# columns: 1
 -0.6103000582357586
 0.8534026678272971
 -0.4450772085347443
 0.1613816466999352
 0.672490277562425
 0.9619385986658808
 0.9236242064719729
 -0.2910209317342011
 0.1221930484429214
 -0.1077854464553041
 0.4328343080667973
 0.3149702663063078
 -0.2955464280479287
 0.03448962985920658
 0.8734102388290571
 -0.0202558290452878
 0.7738112156240017
 -0.2856822144033899
 -0.338282392097821

# name: <cell-element>
# type: matrix
# rows: 19
# columns: 1
 -0.596098063522106
 0.8016084600384978
 -0.4434863125691113
 0.1640967509073098
 0.6509890420159149
 0.8850208474078218
 0.8561920623507557
 -0.2938608421880835
 0.1244140719653173
 -0.1097881397308577
 0.4318262789331448
 0.3174988948392255
 -0.2983368087129704
 0.03517440165972561
 0.8173885518800021
 -0.02065992842741929
 0.7370716574374325
 -0.2885751550257898
 -0.3403865718043746

# name: <cell-element>
# type: matrix
# rows: 19
# columns: 3
 -0.2755340214633645 -0.4904771551402367 -0.524237049180507
 0.1063453368163354 1.093139119330491 -0.5445416205899276
 -0.6896918533804448 0.3557508991714054 -0.2218365843696176
 -0.1542731443556857 0.4576593790144237 0.2129336288411183
 0.7512682618110839 -0.114024319636034 1.295605212335171
 0.6212913181159025 0.5041907465886692 1.298276900249635
 0.6940538032608922 0.3299504962814374 0.1438389260318557
 -0.07732091768480513 -0.310575309831454 -0.1035243106285091
 0.336025772884555 -0.311092760195137 0.2106349657925803
 0.3053000434161243 -0.603264498921286 0.2281445806817705
 0.9117490573540081 -0.7063776156224973 -0.7878603445793929
 0.5385360660311024 -0.3317032526302924 0.9863707177576709
 -0.3121845746814475 0.02507735233427862 -0.2822470710125193
 0.3274799133726816 -0.4276023391353247 0.4168306650892263
 0.7557987172919863 0.1727122530974983 -0.2400606522431878
 0.2087119113444704 -0.3322224752044581 -0.05550475617486886
 0.7175321428407901 0.08268645668110546 0.2186324222153326
 -0.2764742832505865 -0.01593404713377579 0.1655667818293429
 -0.1138160272466324 -0.3253072567095385 0.0742594660463302

# name: <cell-element>
# type: string
# elements: 1
# length: 5
f_ccs

# name: <cell-element>
# type: string
# elements: 1
# length: 6
df_ccs


# name: <cell-element>
# type: cell
# rows: 1
# columns: 5
# name: <cell-element>
# type: matrix
# rows: 2
# columns: 1
 0.538447078531735
 0.4766485784229664

# name: <cell-element>
# type: matrix
# rows: 2
# columns: 1
 0.538447078531735
 0.4766485784229664

# name: <cell-element>
# type: matrix
# rows: 2
# columns: 20
 0.2951489187077008 0.009700985855474756 0.1451385292937759 0.04168827300254243 0.1817113085436119 -0.1483205679069673 0.3025300896313375 -0.1099734208194949 0.1681347250085132 -0.1883535651638629 0.2027972101800262 -0.1722249937539772 0.04862511269981249 -0.02305893662402267 0.06557403086033481 0.1643178737739877 0.2347825744267878 0.1109362470900628 -0.3591764477958269 0.2076224239353675
 0.2921680497192125 0.1010539514879702 -0.003745158337074839 0.1270478456003906 0.3410145071545134 -0.2050559406268776 -0.1566198704989019 0.2295921723474135 0.08934041822516249 -0.2435947871772559 0.1957402497238954 0.1789733039931189 0.3091313527122725 -0.05785922076636527 0.04912770426083088 0.08322549641688745 0.1197088454970425 0.06657327554074158 -0.2165756265942194 0.07826523834495644

# name: <cell-element>
# type: string
# elements: 1
# length: 9
f_sorties

# name: <cell-element>
# type: string
# elements: 1
# length: 10
df_sorties


