# Created by Octave 3.0.1, Sun Mar 22 22:07:04 2009 CET <artieres@artieres-laptop>
# name: pmc
# type: cell
# rows: 1
# columns: 3
# name: <cell-element>
# type: cell
# rows: 1
# columns: 5
# name: <cell-element>
# type: matrix
# rows: 2
# columns: 1
 1.00508346728847
 -1.50317039508346

# name: <cell-element>
# type: matrix
# rows: 2
# columns: 1
 1.00508346728847
 -1.50317039508346

# name: <cell-element>
# type: matrix
# rows: 2
# columns: 1
 0
 0

# name: <cell-element>
# type: string
# elements: 1
# length: 4
flin

# name: <cell-element>
# type: string
# elements: 1
# length: 5
dflin


# name: <cell-element>
# type: cell
# rows: 1
# columns: 5
# name: <cell-element>
# type: matrix
# rows: 20
# columns: 1
 -0.2342942584099642
 -0.2779126453856349
 0.1615004137133728
 -0.2203508243772494
 4.035224595299375
 0.5263055818050585
 1.606049401497788
 0.2158652720703807
 -0.4200351319217399
 -0.2637726731066456
 -0.1492237501352107
 1.958854277718804
 1.323533900768109
 2.793279801737288
 -1.699508352706204
 -0.6827830439460496
 -2.654932365302913
 -0.6297401825082005
 -1.737508670716545
 0.4767187691124031

# name: <cell-element>
# type: matrix
# rows: 20
# columns: 1
 -0.2374182652372094
 -0.2808725135604385
 0.1642167636843463
 -0.2234573726149889
 1.673386914697613
 0.51967171249941
 1.268015561513345
 0.2189595800147528
 -0.4195898592695941
 -0.2668240905739229
 -0.151802805332726
 1.404145272425348
 1.123252679699967
 1.584971770145536
 -1.308568808985487
 -0.6599269057019654
 -1.565023148519524
 -0.6134173523255495
 -1.324088214284781
 0.4734124477284088

# name: <cell-element>
# type: matrix
# rows: 20
# columns: 3
 -0.3447716759249108 0.3750612736000569 0.1774246346226067
 0.07675135217265511 0.984895825160961 0.894295033329349
 0.1828517267145774 0.1740815421500455 0.1304332163444998
 0.02808089433918054 -0.3244829171305305 -0.05164704655238805
 2.050681296365749 1.754002264029105 -0.1474483756310064
 0.5622339233472774 0.1272375735253184 0.1086272177917562
 0.09393101293350187 1.215671153194854 -0.1929464091580922
 -0.419507430803128 0.2869697989537993 -0.2307439743507953
 -0.2317922199970049 -0.361000606738334 -0.1160025528499091
 0.03791527433637909 0.1734150262832193 0.3165670373184173
 0.7754779453844235 -1.218776637723093 -0.1998171749226159
 -1.675486584006322 0.6839260743600927 -1.960475525854704
 0.6000171245163562 -0.03570301162938853 -0.5053524417805385
 0.7476491006524908 0.8392469713091366 -0.7997151593488043
 -0.3467235267218952 -0.4774997105622277 0.5806371030666968
 -0.3571880331693038 0.7297218796470945 0.704346303492085
 -0.8718148588696386 -1.126359834582822 0.4331148198186256
 0.05926962830621777 -0.4799860932421428 0.1375346877531287
 -0.1121687039915301 0.7825607273295138 1.604894387882438
 0.5724165488380458 0.2558519110185404 0.2346809885440403

# name: <cell-element>
# type: string
# elements: 1
# length: 5
f_ccs

# name: <cell-element>
# type: string
# elements: 1
# length: 6
df_ccs


# name: <cell-element>
# type: cell
# rows: 1
# columns: 5
# name: <cell-element>
# type: matrix
# rows: 2
# columns: 1
 0.01790655498892063
 0.966198857699256

# name: <cell-element>
# type: matrix
# rows: 2
# columns: 1
 0.01790655498892063
 0.966198857699256

# name: <cell-element>
# type: matrix
# rows: 2
# columns: 21
 -0.01839890546599426 -0.1703364805586608 -0.2037911889837213 0.2104184785074663 -0.04858394479413768 -0.2543967581830017 0.2808744728592506 0.04917402309150015 -0.1528635414534436 -0.1725575529814762 -0.04366292855475765 0.08277905147781346 0.02491647296968429 0.3771997034690429 -0.1392487033485532 0.05195377045405234 0.1776822106714332 -0.2927745719474229 -0.002117135963702757 0.3396386422680993 0.007310350678755255
 0.06052522038331046 -0.1645947982411823 -0.004941216830882915 0.2009679830029979 -0.04942903528724497 0.03924559442736143 0.351677980566183 -0.1580142595949512 -0.1149682368883069 -0.1737290148486603 0.0231301260598631 0.07483555853217329 0.004203841138452573 0.3425182852751223 -0.09715740829531118 0.07871820167447509 0.2057706776619735 -0.1872610890678476 -0.06337726886507107 -0.3084620633416439 0.03625272171750323

# name: <cell-element>
# type: string
# elements: 1
# length: 9
f_sorties

# name: <cell-element>
# type: string
# elements: 1
# length: 10
df_sorties


