# Created by Octave 3.0.1, Sun Mar 22 22:05:36 2009 CET <artieres@artieres-laptop>
# name: pmc
# type: cell
# rows: 1
# columns: 3
# name: <cell-element>
# type: cell
# rows: 1
# columns: 5
# name: <cell-element>
# type: matrix
# rows: 2
# columns: 1
 0.3673036902664246
 -0.3364228478879567

# name: <cell-element>
# type: matrix
# rows: 2
# columns: 1
 0.3673036902664246
 -0.3364228478879567

# name: <cell-element>
# type: matrix
# rows: 2
# columns: 1
 0
 0

# name: <cell-element>
# type: string
# elements: 1
# length: 4
flin

# name: <cell-element>
# type: string
# elements: 1
# length: 5
dflin


# name: <cell-element>
# type: cell
# rows: 1
# columns: 5
# name: <cell-element>
# type: matrix
# rows: 15
# columns: 1
 -0.4074256206268754
 -0.4022901125385504
 0.5648006891949768
 0.1250915133600709
 -0.1495166276170145
 0.7079142773805056
 0.2343038700990733
 0.03018230621678053
 0.1026705542055524
 -0.09679936691188464
 -0.1771224078371515
 -0.7507950002083261
 1.130685116012365
 0.3606344016354222
 -1.001616877660344

# name: <cell-element>
# type: matrix
# rows: 15
# columns: 1
 -0.4074893135180162
 -0.4025484281537437
 0.5550117639689495
 0.1273542943192058
 -0.152099153677203
 0.681569589519501
 0.2374278779336859
 0.03078258736710941
 0.1045916955752213
 -0.09862448442032676
 -0.1799877689758681
 -0.7178947357303864
 1.003825270498393
 0.3622116693987165
 -0.9141571972949575

# name: <cell-element>
# type: matrix
# rows: 15
# columns: 3
 -0.5675951959670539 0.1392840908164975 -0.3244571618105665
 -0.2306555915966115 0.9581028795789331 1.576154789787338
 0.1109558566128415 0.4562465254470097 -0.8460117192205863
 0.05708628804804253 -0.05904716070244184 -0.2596395783815531
 -0.04914462740070563 0.1102702189584512 0.4093359890057561
 0.277543433374608 0.7084734947031582 -0.5044987371729477
 0.1085245417531299 0.5007864985507318 0.1652987372730666
 0.05220422508754236 0.07981956391821822 0.1486222863307586
 0.5303914044561501 -0.04006953355100739 1.231563608158912
 -0.3408535643274744 0.7176836674635725 0.04784744142533837
 -0.3082260705410623 0.03000424660200399 -0.3515682792930298
 -0.2994893530071926 -1.377989769005694 -0.1645987381929758
 0.8033633975213035 1.303525465514506 0.4464946176309088
 -0.2981134187405038 1.691624059663847 -0.09383628316651262
 -0.5962899582744372 -0.6330820422144505 0.5058781980811009

# name: <cell-element>
# type: string
# elements: 1
# length: 5
f_ccs

# name: <cell-element>
# type: string
# elements: 1
# length: 6
df_ccs


# name: <cell-element>
# type: cell
# rows: 1
# columns: 5
# name: <cell-element>
# type: matrix
# rows: 2
# columns: 1
 0.58714096478275
 0.4223684147541646

# name: <cell-element>
# type: matrix
# rows: 2
# columns: 1
 0.58714096478275
 0.4223684147541646

# name: <cell-element>
# type: matrix
# rows: 2
# columns: 16
 0.2551084671585299 -0.2911240518281009 0.2666833451367241 -0.009539851966635118 0.2009331113721451 -0.3319545882594482 0.1463075881067595 -0.09264475776575123 0.01648186693271493 -0.03333378296585869 -0.05885860185248217 -0.1337108014773082 0.1659127861799637 0.03602625718599641 0.2641508284931036 -0.08686388819909942
 0.3168281479491981 -0.2941409495498501 -0.2432082411490858 -0.1282842354252635 0.0393859459322185 -0.1139290997923892 0.1283407199062219 0.09622144112169001 0.1127842777988187 -0.1259886488550691 0.1846468247915117 -0.2699624699756178 0.1992412655821086 0.1964259538698802 -0.1584480386614603 0.1517888488741103

# name: <cell-element>
# type: string
# elements: 1
# length: 9
f_sorties

# name: <cell-element>
# type: string
# elements: 1
# length: 10
df_sorties


