# Created by Octave 3.0.1, Sun Mar 22 22:04:44 2009 CET <artieres@artieres-laptop>
# name: pmc
# type: cell
# rows: 1
# columns: 3
# name: <cell-element>
# type: cell
# rows: 1
# columns: 5
# name: <cell-element>
# type: matrix
# rows: 2
# columns: 1
 -0.3253408423472005
 -0.8643566255987238

# name: <cell-element>
# type: matrix
# rows: 2
# columns: 1
 -0.3253408423472005
 -0.8643566255987238

# name: <cell-element>
# type: matrix
# rows: 2
# columns: 1
 0
 0

# name: <cell-element>
# type: string
# elements: 1
# length: 4
flin

# name: <cell-element>
# type: string
# elements: 1
# length: 5
dflin


# name: <cell-element>
# type: cell
# rows: 1
# columns: 5
# name: <cell-element>
# type: matrix
# rows: 13
# columns: 1
 -0.545700950552337
 -0.523044535243858
 0.3512588572310166
 0.152171472311257
 2.511112297179687
 0.2645864662195448
 0.7945250296163267
 -0.9701738642370947
 -1.037384414511379
 0.09854785386267398
 -1.287800528829546
 1.074505858717541
 0.8954513293249339

# name: <cell-element>
# type: matrix
# rows: 13
# columns: 1
 -0.5375419445493379
 -0.5166544702870749
 0.3530718898018709
 0.1547850334150452
 1.540787941570287
 0.2676336487087302
 0.7541351722487077
 -0.8911284564620868
 -0.9397908031859029
 0.1004018297561866
 -1.102425020080104
 0.9657591404691861
 0.8345627821236722

# name: <cell-element>
# type: matrix
# rows: 13
# columns: 3
 -0.5158473328012781 0.7863329603711618 -0.2608641904678194
 -0.3344512433955215 0.3946057163721169 0.06859087905400539
 0.2469733671582584 0.1170799510102706 -0.1652949820163914
 0.4024523026354146 -0.03213545314566105 0.3025975198973145
 2.004245104865817 -0.6926696854082658 -0.3255141722715484
 1.358149536945335 1.178619143876487 0.819943744177461
 0.4918101307336303 -0.08567022831245943 -0.3181443449233748
 -0.7332785415707161 -0.8412077633047017 0.5891068806234947
 -1.017152212469856 -0.1107325538866607 0.06360675245171157
 0.0603788131714058 0.5204911454936582 -0.2404118712073869
 -0.7688517323913427 0.7683504812839312 0.312081120464047
 -0.3042720760048032 -0.5008892317452492 -1.409341271949696
 0.7392108298767738 0.7665362188270839 -0.4699772890913725

# name: <cell-element>
# type: string
# elements: 1
# length: 5
f_ccs

# name: <cell-element>
# type: string
# elements: 1
# length: 6
df_ccs


# name: <cell-element>
# type: cell
# rows: 1
# columns: 5
# name: <cell-element>
# type: matrix
# rows: 2
# columns: 1
 0.1185180844498333
 0.8696647448910009

# name: <cell-element>
# type: matrix
# rows: 2
# columns: 1
 0.1185180844498333
 0.8696647448910009

# name: <cell-element>
# type: matrix
# rows: 2
# columns: 14
 0.01064676605521019 -0.004916219352441677 0.2070038082588459 -0.1965657922612028 0.3642490136041119 0.3383701790061807 -0.240104166489485 0.1273832287582139 -0.1577102994955877 -0.116650142993968 0.2008417863001273 0.1598515984810567 -0.3751628153847274 -0.09737618265133448
 0.5432218824070001 -0.1202801578955175 0.3966387375409512 -0.06955107134175591 0.1616532963682123 0.1374687784504919 0.07699234433520663 0.1572945126957237 0.2449674349860155 0.2706006762723386 0.2444504556538085 -0.1369613341810909 0.3827712112215175 0.0794164017930158

# name: <cell-element>
# type: string
# elements: 1
# length: 9
f_sorties

# name: <cell-element>
# type: string
# elements: 1
# length: 10
df_sorties


