# Created by Octave 3.0.1, Sun Mar 22 22:06:02 2009 CET <artieres@artieres-laptop>
# name: pmc
# type: cell
# rows: 1
# columns: 3
# name: <cell-element>
# type: cell
# rows: 1
# columns: 5
# name: <cell-element>
# type: matrix
# rows: 2
# columns: 1
 2.055952206628749
 -0.1359132080507697

# name: <cell-element>
# type: matrix
# rows: 2
# columns: 1
 2.055952206628749
 -0.1359132080507697

# name: <cell-element>
# type: matrix
# rows: 2
# columns: 1
 0
 0

# name: <cell-element>
# type: string
# elements: 1
# length: 4
flin

# name: <cell-element>
# type: string
# elements: 1
# length: 5
dflin


# name: <cell-element>
# type: cell
# rows: 1
# columns: 5
# name: <cell-element>
# type: matrix
# rows: 17
# columns: 1
 0.3550697874197491
 1.295963144756639
 0.2423388238483694
 0.1112643098719486
 0.232376886801651
 0.7003418132914129
 -2.602806286997264
 0.9417697087350972
 2.131452816950041
 -0.9515693749121181
 0.7330427566570974
 -0.6894466569994014
 0.7292195359159661
 -1.315567383642678
 1.453057364076187
 1.355771558693119
 0.8781687710872196

# name: <cell-element>
# type: matrix
# rows: 17
# columns: 1
 0.3567895949624894
 1.107234271732022
 0.2454581981889214
 0.1133212993891123
 0.2355003838400771
 0.6750754290019503
 -1.556677787917856
 0.8699298399466967
 1.455512808786011
 -0.8772858096701776
 0.7029498583259521
 -0.6656905699594312
 0.6997138860675604
 -1.118659889298839
 1.193918420449327
 1.141543466990136
 0.8211150267035272

# name: <cell-element>
# type: matrix
# rows: 17
# columns: 3
 0.5574518903443543 -0.1049045878784973 -0.09744987118729288
 0.8163010312703283 0.275088046310492 0.6319760032616154
 7.896811734604227e-05 0.09083746577944184 -0.4114433437988055
 -0.6647598625911354 0.4119713933195826 0.5211563044111444
 -0.001076896193281242 0.105681373781069 -0.1194761364526613
 -0.3423674540334803 0.5251732744472554 0.2732410432243992
 0.1443206614276079 -1.341948865444187 -0.08706525822183921
 0.5139564799771535 0.2213637037292092 0.2030038039792352
 -1.055407070066395 1.491876200977941 -0.880404288912775
 0.1949051866080854 -0.6555065793613178 -1.474462035248853
 -0.4284361155296608 0.6149518410628058 0.7545678191367303
 -1.388610795900226 0.2836640352815877 -0.8511859217152156
 0.5408951035546463 0.07650754776086433 -0.2279235255920509
 -0.8482501226617376 -0.1402011591896444 1.319546451404698
 -0.1818089714165739 0.7924817981002272 -0.0400180487504643
 -0.01696874928692097 0.6454380608073944 -0.3366161638923665
 0.259656811935669 0.3003302105496072 -0.005760718816911628

# name: <cell-element>
# type: string
# elements: 1
# length: 5
f_ccs

# name: <cell-element>
# type: string
# elements: 1
# length: 6
df_ccs


# name: <cell-element>
# type: cell
# rows: 1
# columns: 5
# name: <cell-element>
# type: matrix
# rows: 2
# columns: 1
 0.9870626837019438
 0.02463244944092069

# name: <cell-element>
# type: matrix
# rows: 2
# columns: 1
 0.9870626837019438
 0.02463244944092069

# name: <cell-element>
# type: matrix
# rows: 2
# columns: 18
 0.4711702083890857 -0.05118556040008062 -0.1471186703200702 -0.2199028893589385 -0.2289000514785207 -0.04426206322786128 0.02385310796957808 0.04244154160634617 -0.02196713157565874 0.03204826196853997 -0.2774921073675296 0.1990109316507941 -0.1075331022170193 0.1829209702327058 -0.1278190510914434 0.06934731454331677 -0.004965897846992052 0.01289358311333174
 0.3034530541338143 -0.00586004647837662 -0.08600055668783745 -0.2824610544622047 -0.1741524922470794 -0.04746415309773755 0.06552244470582223 0.077564190410556 0.1418660916666678 -0.02041542326844784 0.2895735294258978 -0.02639747524873436 0.07171951791903147 0.1195104581110061 0.1218841002715865 0.1302192224811943 -0.003362124522034852 0.1409767236858826

# name: <cell-element>
# type: string
# elements: 1
# length: 9
f_sorties

# name: <cell-element>
# type: string
# elements: 1
# length: 10
df_sorties


