# Created by Octave 3.0.1, Sun Mar 22 22:05:43 2009 CET <artieres@artieres-laptop>
# name: pmc
# type: cell
# rows: 1
# columns: 3
# name: <cell-element>
# type: cell
# rows: 1
# columns: 5
# name: <cell-element>
# type: matrix
# rows: 2
# columns: 1
 2.071597125194438
 -1.62386081945411

# name: <cell-element>
# type: matrix
# rows: 2
# columns: 1
 2.071597125194438
 -1.62386081945411

# name: <cell-element>
# type: matrix
# rows: 2
# columns: 1
 0
 0

# name: <cell-element>
# type: string
# elements: 1
# length: 4
flin

# name: <cell-element>
# type: string
# elements: 1
# length: 5
dflin


# name: <cell-element>
# type: cell
# rows: 1
# columns: 5
# name: <cell-element>
# type: matrix
# rows: 16
# columns: 1
 -1.180493376286216
 -0.7780266102127613
 1.820183566795048
 3.122527933892416
 0.5507900911697363
 1.058379768653632
 -0.3870495475156302
 -2.086853669801803
 -3.049468067421877
 0.05418312087354121
 0.2426080284861073
 -0.950704918592663
 0.9390501153328958
 -0.03229497933993789
 -0.9347911927385447
 -0.02386174290656928

# name: <cell-element>
# type: matrix
# rows: 16
# columns: 1
 -1.036332245465635
 -0.7405592514049735
 1.355999934215927
 1.621650196188517
 0.5422093420843478
 0.9545577741551451
 -0.3878432654111545
 -1.443087283330404
 -1.614651232609608
 0.05524732118180479
 0.2457270561153097
 -0.8766387070268
 0.8678805435246539
 -0.03293675680104095
 -0.8646644508619933
 -0.02433731491767652

# name: <cell-element>
# type: matrix
# rows: 16
# columns: 3
 -0.1376324388917945 -0.2554269608632406 0.3149469983436547
 -1.296096101159044 0.754553297329374 0.6316768771548074
 0.6050611682443735 1.090828528421386 0.6462248067280852
 0.7630125225023717 0.5326970437751178 -0.7741691131166248
 0.6245689593048755 -0.12095567303024 -0.08645164283264936
 0.9145651885377932 0.169204473104431 0.1319289406437232
 -0.03702778479030895 -0.7435782958711236 -0.7383263198774728
 -0.4103879793873075 -1.334428556833878 -0.6736845898797363
 -0.9910310014552668 -0.5520102585039118 0.5643993221684963
 -0.2701642747872319 -0.05319714349339868 -0.2681798546513028
 -0.5458695900894035 -0.1340151205158125 -0.6493411070624986
 -1.194248669990608 -0.311303277953818 -0.5449335212034884
 -0.4197026094410081 -0.256264240244343 -1.135071009287993
 0.1184678052836567 -0.3229866727344318 -0.3289074828754561
 0.4983667984480608 -1.98219539714808 -1.633514475935839
 0.07512891153625557 -0.3052938246993484 -0.3454959231862501

# name: <cell-element>
# type: string
# elements: 1
# length: 5
f_ccs

# name: <cell-element>
# type: string
# elements: 1
# length: 6
df_ccs


# name: <cell-element>
# type: cell
# rows: 1
# columns: 5
# name: <cell-element>
# type: matrix
# rows: 2
# columns: 1
 0.1721689700075119
 0.7551064813526026

# name: <cell-element>
# type: matrix
# rows: 2
# columns: 1
 0.1721689700075119
 0.7551064813526026

# name: <cell-element>
# type: matrix
# rows: 2
# columns: 17
 0.2413468932146606 -0.07812921034407384 0.1962873032319692 0.2171277781021496 0.03866898241625786 -0.06840847621106669 0.1921085399131065 0.5366096391738757 0.1212556028616515 -0.1478400563858918 -0.1703791642668041 -0.1942617085616644 -0.01650320542349452 -0.2816780978536644 -0.05344896409178097 -0.2141914931724515 0.3916822105516233
 0.06230759802821884 -0.08153415894001914 0.04295786947990739 0.3009559225954707 -0.1175267518405103 0.2416411414686938 0.2698337898024509 0.526499029884252 0.002197581824415692 0.0270826245844285 -0.1963471922931893 -0.1227566678875752 0.05065680964729628 0.1808877906632049 -0.1876748256001561 0.0225336488634305 0.2025060128930071

# name: <cell-element>
# type: string
# elements: 1
# length: 9
f_sorties

# name: <cell-element>
# type: string
# elements: 1
# length: 10
df_sorties


