# Created by Octave 3.0.1, Sun Mar 22 22:03:40 2009 CET <artieres@artieres-laptop>
# name: pmc
# type: cell
# rows: 1
# columns: 3
# name: <cell-element>
# type: cell
# rows: 1
# columns: 5
# name: <cell-element>
# type: matrix
# rows: 2
# columns: 1
 0.2070421287353808
 -0.6021606511116151

# name: <cell-element>
# type: matrix
# rows: 2
# columns: 1
 0.2070421287353808
 -0.6021606511116151

# name: <cell-element>
# type: matrix
# rows: 2
# columns: 1
 0
 0

# name: <cell-element>
# type: string
# elements: 1
# length: 4
flin

# name: <cell-element>
# type: string
# elements: 1
# length: 5
dflin


# name: <cell-element>
# type: cell
# rows: 1
# columns: 5
# name: <cell-element>
# type: matrix
# rows: 10
# columns: 1
 -1.091041582481506
 -2.900346922065824
 0.3334532003589145
 1.230752977139627
 -1.737590219244651
 -0.2094771564124502
 0.8647721023912566
 0.4318458210790265
 -0.08420846179851176
 0.2285649646439001

# name: <cell-element>
# type: matrix
# rows: 10
# columns: 1
 -0.9771178731976508
 -1.598426319207483
 0.3356555440252946
 1.067955055227385
 -1.324120931949877
 -0.2125486628953099
 0.8105977365726463
 0.4308829368062871
 -0.08581961716105889
 0.2316856368244722

# name: <cell-element>
# type: matrix
# rows: 10
# columns: 3
 -0.8110101048891103 -0.6506709755111807 0.2429802690508795
 -1.843266222229079 -0.4247731267674928 1.609054839765094
 0.8313273253435266 0.1989284493688391 0.8935571736851743
 1.248615522158992 -0.4403941773606252 -0.1219315585757125
 -1.192550548654725 -0.08109893478486956 0.8773023637432789
 -0.3232825012621693 -0.0873967357793284 -0.215424437836058
 0.1097402415698505 -0.4695924143256101 -1.424599932325228
 -0.2425518317547967 0.1158199621054805 -1.076446097939443
 0.3744204333495612 -0.1188381107011727 0.7220560314126794
 0.6008100770188358 0.213266906216477 0.6930343012146774

# name: <cell-element>
# type: string
# elements: 1
# length: 5
f_ccs

# name: <cell-element>
# type: string
# elements: 1
# length: 6
df_ccs


# name: <cell-element>
# type: cell
# rows: 1
# columns: 5
# name: <cell-element>
# type: matrix
# rows: 2
# columns: 1
 0.2970871902116844
 0.7434678762909064

# name: <cell-element>
# type: matrix
# rows: 2
# columns: 1
 0.2970871902116844
 0.7434678762909064

# name: <cell-element>
# type: matrix
# rows: 2
# columns: 11
 0.3004615014592839 -0.01236975234336453 -0.03940509207816519 0.01097495231157673 0.1370455436587434 -0.09851560986898102 0.3086036634996615 -0.491257081821921 0.1415780249606292 0.07867333268004101 0.00267825691050749
 0.1945899763719551 -0.22983761438812 0.2010495455812619 0.1584354547323933 0.195137778016812 -0.1397020552132759 0.05193791411300738 0.4286983160836875 -0.156054289834035 -0.01541001657529821 -0.1220200740441611

# name: <cell-element>
# type: string
# elements: 1
# length: 9
f_sorties

# name: <cell-element>
# type: string
# elements: 1
# length: 10
df_sorties


