# Created by Octave 3.0.1, Sun Mar 22 22:05:05 2009 CET <artieres@artieres-laptop>
# name: pmc
# type: cell
# rows: 1
# columns: 3
# name: <cell-element>
# type: cell
# rows: 1
# columns: 5
# name: <cell-element>
# type: matrix
# rows: 2
# columns: 1
 -1.796508060454953
 1.590686378802493

# name: <cell-element>
# type: matrix
# rows: 2
# columns: 1
 -1.796508060454953
 1.590686378802493

# name: <cell-element>
# type: matrix
# rows: 2
# columns: 1
 0
 0

# name: <cell-element>
# type: string
# elements: 1
# length: 4
flin

# name: <cell-element>
# type: string
# elements: 1
# length: 5
dflin


# name: <cell-element>
# type: cell
# rows: 1
# columns: 5
# name: <cell-element>
# type: matrix
# rows: 14
# columns: 1
 -0.6684667440563141
 0.4993245805632908
 0.1659226167960926
 -1.826715096637811
 0.1851249785480873
 -0.3642076411150452
 -0.8272259663235533
 -0.684865123199061
 -0.2645161568860728
 -0.5958834957020611
 -1.26282996303077
 -0.5727347195927804
 0.3974185550063574
 0.4406633266621527

# name: <cell-element>
# type: matrix
# rows: 14
# columns: 1
 -0.6474836111532726
 0.4946009034470475
 0.1686841656083707
 -1.358415792445514
 0.1880547288408131
 -0.3656893211517546
 -0.7806916915923326
 -0.6617297209140407
 -0.2675637101714717
 -0.5831622615794293
 -1.087522336904377
 -0.5622306187735429
 0.3978548204914906
 0.4392876583762452

# name: <cell-element>
# type: matrix
# rows: 14
# columns: 3
 -0.05904458354721592 -0.2674442470524454 -0.6906119555524595
 0.597633929415347 0.03166835891685589 -0.02685083519370711
 -0.684282747347188 0.2245289086532602 0.7867642181605372
 0.402106849054867 0.5038144106575488 -0.8291714252228221
 0.4102434423842521 0.4330782178598982 0.3421339735592056
 -0.2769312755740034 -0.1703751639055044 -0.2476675875431172
 0.06819711315487334 -0.7306825426381516 -1.410211984604675
 -0.9244812662895273 -0.5193343812700368 -0.4253728867678127
 -0.2661901769935158 0.1752105914659686 0.2018375614647797
 0.1451251037284906 0.25715350068063 -0.1681098523974708
 -0.2608177216982959 0.07951961293659598 -0.5439272580043881
 0.4229777793836529 -0.1514805523916801 -0.7989057806530945
 -0.1494207550201819 -0.2600044260698214 0.05154252417352732
 -0.5461655481736482 -0.2194450678343669 0.3653488448506933

# name: <cell-element>
# type: string
# elements: 1
# length: 5
f_ccs

# name: <cell-element>
# type: string
# elements: 1
# length: 6
df_ccs


# name: <cell-element>
# type: cell
# rows: 1
# columns: 5
# name: <cell-element>
# type: matrix
# rows: 2
# columns: 1
 0.5283950515314993
 0.4617539106880592

# name: <cell-element>
# type: matrix
# rows: 2
# columns: 1
 0.5283950515314993
 0.4617539106880592

# name: <cell-element>
# type: matrix
# rows: 2
# columns: 15
 0.1430335249914347 -0.01740677110073249 0.3021760971938552 0.1685523282994555 0.09275903958098007 -0.08849562873842773 -0.07736587403006755 -0.3643843175098297 0.05220688264375199 -0.3405848860378939 0.4280260363172075 -0.2426205037887661 0.07076933642680175 0.2356949624035414 -0.07870183959796731
 0.171480268886426 0.1581886007066359 0.3224892760092791 0.2030736700532879 -0.09394806586224216 0.04860773966597828 -0.0620523946937492 0.3629966685197774 -0.2542242810802018 -0.4197051610778628 0.234415393804317 -0.06159659050022018 0.1364188723688053 0.1948952631907799 0.1101997695068442

# name: <cell-element>
# type: string
# elements: 1
# length: 9
f_sorties

# name: <cell-element>
# type: string
# elements: 1
# length: 10
df_sorties


