# Created by Octave 3.0.1, Sun Mar 22 22:03:49 2009 CET <artieres@artieres-laptop>
# name: pmc
# type: cell
# rows: 1
# columns: 3
# name: <cell-element>
# type: cell
# rows: 1
# columns: 5
# name: <cell-element>
# type: matrix
# rows: 2
# columns: 1
 -1.874487425786639
 -0.6609892296237374

# name: <cell-element>
# type: matrix
# rows: 2
# columns: 1
 -1.874487425786639
 -0.6609892296237374

# name: <cell-element>
# type: matrix
# rows: 2
# columns: 1
 0
 0

# name: <cell-element>
# type: string
# elements: 1
# length: 4
flin

# name: <cell-element>
# type: string
# elements: 1
# length: 5
dflin


# name: <cell-element>
# type: cell
# rows: 1
# columns: 5
# name: <cell-element>
# type: matrix
# rows: 11
# columns: 1
 0.8964176702637768
 -1.361667644493176
 -1.806549047835164
 -1.038264564392301
 -2.409957238105627
 -2.202531912654323
 0.5227515850839699
 -1.513552986273487
 -1.377234598087361
 -0.517212602952703
 -1.154038788313282

# name: <cell-element>
# type: matrix
# rows: 11
# columns: 1
 0.8353106892676398
 -1.144837876208218
 -1.35090794517089
 -0.9404140137199387
 -1.521319778193883
 -1.47417407725099
 0.5163832458355306
 -1.224398420131506
 -1.153460662196254
 -0.5112496071976945
 -1.019212046456008

# name: <cell-element>
# type: matrix
# rows: 11
# columns: 3
 -0.02000770710934363 -0.3569094383307931 -0.3728855926316302
 -0.2907629278593841 0.8428003882853793 -0.7693265233945178
 -0.6350657315324569 0.5281984513401025 0.2736529819849635
 -0.1664437124960719 0.5890936160701621 -0.3483108674900678
 -0.2064338149302838 0.7375662132485794 1.243776038450942
 -1.355530968084103 0.3555921093600217 0.2733638963601329
 0.3740794176250827 -0.1249741827960307 0.1308428525753397
 -0.1251865460528188 0.4185598629849944 0.9126495049803565
 -0.9487401985965951 0.6239943950033179 -1.12209672505683
 0.1629796872741056 0.3805170344412039 -0.04662359329302704
 0.5108987072642404 0.7770847520433305 0.3122440041531615

# name: <cell-element>
# type: string
# elements: 1
# length: 5
f_ccs

# name: <cell-element>
# type: string
# elements: 1
# length: 6
df_ccs


# name: <cell-element>
# type: cell
# rows: 1
# columns: 5
# name: <cell-element>
# type: matrix
# rows: 2
# columns: 1
 0.08944389570300702
 0.9354746613704688

# name: <cell-element>
# type: matrix
# rows: 2
# columns: 1
 0.08944389570300702
 0.9354746613704688

# name: <cell-element>
# type: matrix
# rows: 2
# columns: 12
 0.2804318375944205 0.181509892274693 0.1100116941881483 0.0205242655648063 0.04487242435960651 0.4880347537695285 -0.04409758126781694 0.3263630742806936 -0.2213135978424701 -0.0726838593646329 0.3931855847583864 -0.1791631375332464
 0.1928739608577371 0.06416483460564333 0.03516464069215768 0.2344692337440015 -0.4336830008405174 -0.232860070019823 -0.2186631645305684 0.3009774859143971 -0.1402116618809174 0.04436040505902274 0.1560855226190358 0.2118934100417798

# name: <cell-element>
# type: string
# elements: 1
# length: 9
f_sorties

# name: <cell-element>
# type: string
# elements: 1
# length: 10
df_sorties


