# Created by Octave 3.0.1, Sun Mar 22 22:04:30 2009 CET <artieres@artieres-laptop>
# name: pmc
# type: cell
# rows: 1
# columns: 3
# name: <cell-element>
# type: cell
# rows: 1
# columns: 5
# name: <cell-element>
# type: matrix
# rows: 2
# columns: 1
 -0.960353480629984
 1.270928273675104

# name: <cell-element>
# type: matrix
# rows: 2
# columns: 1
 -0.960353480629984
 1.270928273675104

# name: <cell-element>
# type: matrix
# rows: 2
# columns: 1
 0
 0

# name: <cell-element>
# type: string
# elements: 1
# length: 4
flin

# name: <cell-element>
# type: string
# elements: 1
# length: 5
dflin


# name: <cell-element>
# type: cell
# rows: 1
# columns: 5
# name: <cell-element>
# type: matrix
# rows: 12
# columns: 1
 0.1862261450090691
 -0.1717069131111499
 1.16207446836513
 0.364767532152137
 0.8258542899375095
 0.9632423475711184
 -0.2672518770649445
 0.07217929017386654
 -0.1862337966749374
 -0.2555042284018442
 -0.8358521154502965
 0.545887231792556

# name: <cell-element>
# type: matrix
# rows: 12
# columns: 1
 0.1891640930517576
 -0.1745240233064337
 1.024447122359683
 0.3662339446954425
 0.7795872263766708
 0.885989861115863
 -0.2702843155238869
 0.07357688278574301
 -0.1891718011117208
 -0.258591701070823
 -0.7876182639965846
 0.5377129478827234

# name: <cell-element>
# type: matrix
# rows: 12
# columns: 3
 -0.1303693100605262 -0.121648697927792 0.1555636778325037
 -0.2308869382752794 0.03137996174089547 0.06898489807756479
 0.2138265977023666 -0.8642480041719633 0.09061501430054278
 0.3052219978183304 -0.05306455550974391 0.008302037273135648
 0.1745662205574858 -0.6377944553827181 0.03014422370187737
 -0.1424975221062541 0.9030895401917657 1.559899725268243
 -0.4823550282018262 -0.2506943805711068 -0.0172641810509366
 0.1911613028282076 -0.1032749900783581 -0.1686904896433263
 0.1133511834078561 0.1361205057029098 -0.1318671644574867
 -0.1156856715183029 0.07509348623906924 -0.05322015124745231
 -0.4057595087559521 -0.1962367293788189 -0.4867080788193152
 0.01810067059017284 -0.04234041983207891 0.3792239539670736

# name: <cell-element>
# type: string
# elements: 1
# length: 5
f_ccs

# name: <cell-element>
# type: string
# elements: 1
# length: 6
df_ccs


# name: <cell-element>
# type: cell
# rows: 1
# columns: 5
# name: <cell-element>
# type: matrix
# rows: 2
# columns: 1
 0.5831546386242283
 0.412463335957976

# name: <cell-element>
# type: matrix
# rows: 2
# columns: 1
 0.5831546386242283
 0.412463335957976

# name: <cell-element>
# type: matrix
# rows: 2
# columns: 13
 0.1751757194794153 -0.1111538805444271 -0.3207711218409471 -0.02220343300044811 0.6317525326385564 -0.07763596672041236 0.2350086706238106 -0.02052343821413194 0.2155013949076324 0.1072262045573293 0.01684754970202258 -0.1015847400508078 -0.0425923371578258
 0.08011516251647705 -0.04091576860198592 -0.2622726747878246 0.1350740636472181 0.5591459810847503 -0.06952524690990179 -0.241477459983697 -0.1523002889459937 0.08192727356280786 0.06555306708004897 0.01877665201409209 -0.08930442183181037 0.1529884587174408

# name: <cell-element>
# type: string
# elements: 1
# length: 9
f_sorties

# name: <cell-element>
# type: string
# elements: 1
# length: 10
df_sorties


