# Created by Octave 3.0.1, Sun Mar 22 22:03:28 2009 CET <artieres@artieres-laptop>
# name: pmc
# type: cell
# rows: 1
# columns: 3
# name: <cell-element>
# type: cell
# rows: 1
# columns: 5
# name: <cell-element>
# type: matrix
# rows: 2
# columns: 1
 0.1969728588410518
 0.5802952557768418

# name: <cell-element>
# type: matrix
# rows: 2
# columns: 1
 0.1969728588410518
 0.5802952557768418

# name: <cell-element>
# type: matrix
# rows: 2
# columns: 1
 0
 0

# name: <cell-element>
# type: string
# elements: 1
# length: 4
flin

# name: <cell-element>
# type: string
# elements: 1
# length: 5
dflin


# name: <cell-element>
# type: cell
# rows: 1
# columns: 5
# name: <cell-element>
# type: matrix
# rows: 8
# columns: 1
 -0.649261903412657
 0.2172937795468733
 0.7091856217824518
 0.7301587301018185
 -0.5624733267472845
 -0.3288644261800738
 0.3091334983449018
 -0.8186779858495403

# name: <cell-element>
# type: matrix
# rows: 8
# columns: 1
 -0.6306632476839887
 0.2203923271129108
 0.6826575855134762
 0.700509386946377
 -0.552889917554283
 -0.3311550271585852
 0.311749317493681
 -0.7737953286561019

# name: <cell-element>
# type: matrix
# rows: 8
# columns: 3
 -0.3090573652540911 0.1857976009183823 -0.6440636067203807
 0.3646064293189532 0.274587262173325 -0.3474741428600836
 0.7277911250517569 0.1965901487756962 -0.08873079750976672
 0.3997684386717289 -0.09602510926612673 0.6037304403724527
 0.05122600210816215 -0.6052333726645124 -0.8577418618890141
 -0.1620560726475904 0.4717059436674438 -0.4483176805541254
 -0.04021799643551746 0.07521461988668855 0.583626801672519
 -0.8293756765527263 -0.1471663929442271 0.0633199530518358

# name: <cell-element>
# type: string
# elements: 1
# length: 5
f_ccs

# name: <cell-element>
# type: string
# elements: 1
# length: 6
df_ccs


# name: <cell-element>
# type: cell
# rows: 1
# columns: 5
# name: <cell-element>
# type: matrix
# rows: 2
# columns: 1
 0.6524265995798098
 0.3752438307353603

# name: <cell-element>
# type: matrix
# rows: 2
# columns: 1
 0.6524265995798098
 0.3752438307353603

# name: <cell-element>
# type: matrix
# rows: 2
# columns: 9
 -0.5186278989873306 0.1670727295498173 0.1668342571559874 0.517315755377092 0.2878974566796269 -0.1353280759609208 -0.1946172696989209 0.08773005783525605 -0.7012047222320494
 0.2006632147285254 -0.1735294919519548 0.1745686697256084 -0.192718376389086 0.1380249221281904 0.2291264022164444 -0.1326307290444887 -0.3307083106345473 -0.2857056724913257

# name: <cell-element>
# type: string
# elements: 1
# length: 9
f_sorties

# name: <cell-element>
# type: string
# elements: 1
# length: 10
df_sorties


