# Created by Octave 3.0.1, Sun Mar 22 22:06:33 2009 CET <artieres@artieres-laptop>
# name: pmc
# type: cell
# rows: 1
# columns: 3
# name: <cell-element>
# type: cell
# rows: 1
# columns: 5
# name: <cell-element>
# type: matrix
# rows: 2
# columns: 1
 -0.5421934267743433
 -1.147404769880004

# name: <cell-element>
# type: matrix
# rows: 2
# columns: 1
 -0.5421934267743433
 -1.147404769880004

# name: <cell-element>
# type: matrix
# rows: 2
# columns: 1
 0
 0

# name: <cell-element>
# type: string
# elements: 1
# length: 4
flin

# name: <cell-element>
# type: string
# elements: 1
# length: 5
dflin


# name: <cell-element>
# type: cell
# rows: 1
# columns: 5
# name: <cell-element>
# type: matrix
# rows: 18
# columns: 1
 0.01075730985101201
 0.2785796423032869
 1.584860846110186
 -0.2961828680421791
 -0.1715626697418973
 -0.5471023665033972
 -0.05201339101429001
 0.3241354125115728
 0.2393288229649055
 0.9715718159574124
 -0.2611895351761863
 -0.4808658258000589
 0.7136756050465745
 0.7833611409750331
 2.093121086379842
 -0.1263005636333643
 -1.15225191226597
 -0.190196582471278

# name: <cell-element>
# type: matrix
# rows: 18
# columns: 1
 0.01097230368303249
 0.2815342352281027
 1.258336076953106
 -0.2989659425225404
 -0.1743784444082653
 -0.5388281261894254
 -0.05303644182320871
 0.3265119149566578
 0.2424512229417063
 0.8921621028543745
 -0.264253574898434
 -0.477311699534934
 0.686494704068666
 0.7449617524654467
 1.444867802967016
 -0.1285805376624538
 -1.018043809952024
 -0.1931627278365605

# name: <cell-element>
# type: matrix
# rows: 18
# columns: 3
 -0.1278020706697307 -0.2476888637290356 -0.003744844758346743
 -0.2477802779792618 -0.3620126032322945 -0.2872770892469328
 0.2542182367873817 -0.2495175127014375 -1.042112838767137
 -0.08919458349111047 -0.04128933877076967 0.1997760978711212
 0.009235679927908436 0.1527514058133944 0.08530499988133639
 0.1124674183442848 0.5663717860923451 0.3074090596450695
 -0.1076411843580325 -0.01803950437589446 -0.04010503316179638
 0.02209897675201973 -0.2135103588450455 -0.1623255110304636
 0.4396783735209891 0.03404493352721399 0.1593735617744149
 0.2517599667648227 0.1735986815790956 -0.7086738589305908
 -0.09177834516469142 0.2329558928413667 0.03754152674264973
 -0.1780291350215233 -0.1322609532054652 0.3262759494903803
 -0.7276118172704038 -0.8333437776584344 -0.8610924473235656
 0.4948762787538122 0.7504535036460788 -0.6055953228614377
 -0.09124996477877974 -0.6252128419251175 -1.609315664422572
 -0.9158645164955588 0.3004801309189274 -0.8304197772508991
 -0.2755471980267411 0.3413324887909252 0.6030569567613259
 0.3073029165701981 -0.1752656711733003 0.5164853856409934

# name: <cell-element>
# type: string
# elements: 1
# length: 5
f_ccs

# name: <cell-element>
# type: string
# elements: 1
# length: 6
df_ccs


# name: <cell-element>
# type: cell
# rows: 1
# columns: 5
# name: <cell-element>
# type: matrix
# rows: 2
# columns: 1
 0.0997374041467331
 0.899526149237709

# name: <cell-element>
# type: matrix
# rows: 2
# columns: 1
 0.0997374041467331
 0.899526149237709

# name: <cell-element>
# type: matrix
# rows: 2
# columns: 19
 0.3615911882053129 -0.3213178826706063 -0.008833133094842186 -0.1224183023318767 0.1781789473044067 0.0958450622810923 0.05332866055992115 -0.3039888499238602 0.008829954874485686 0.1719262150914281 0.2293720834002064 -0.3706090993943468 -0.152239843328114 0.2069071277523616 0.009774781379997727 -0.4300849464545121 -0.008635137556867022 -0.0370724834941177 0.1143142355481133
 0.2951415850685346 -0.3125314985171003 -0.09916340256871993 0.04269810646897524 0.206141039908763 0.113835097327574 -0.0002868150671516598 -0.2687990778984518 0.006071409031373495 -0.02266178105984602 0.01564534891769021 -0.3631623880004348 -0.115431112096089 -0.1258943329805085 -0.1112943319915979 0.3879629745340132 0.05869691781064122 -0.1361939527499129 0.09486945848489491

# name: <cell-element>
# type: string
# elements: 1
# length: 9
f_sorties

# name: <cell-element>
# type: string
# elements: 1
# length: 10
df_sorties


