# Created by Octave 3.0.1, Sun Mar 22 22:07:04 2009 CET <artieres@artieres-laptop>
# name: Results
# type: matrix
# rows: 20
# columns: 4
 0.5271094767828154 0.4688259724231431 0.2666666666666667 0.23
 0.5205937326951093 0.4713043366325618 0.26 0.25
 0.5206004815731922 0.4904966801152293 0.2866666666666666 0.22
 0.4825952959818567 0.4320874956120264 0.2566666666666667 0.24
 0.5172071342882774 0.4631530674621752 0.2566666666666667 0.22
 0.5472180700537117 0.4913783751527672 0.2566666666666667 0.25
 0.530724145720589 0.503289581626332 0.2633333333333333 0.23
 0.5295105664104326 0.4728408249854998 0.28 0.24
 0.5241689339576071 0.4744231779730362 0.2433333333333333 0.25
 0.4953215479379849 0.4615172971264818 0.2733333333333333 0.25
 0.5364919726517735 0.503290062220363 0.2766666666666666 0.23
 0.5201372464731924 0.478590209487664 0.2666666666666667 0.23
 0.4712128938763732 0.429257935718644 0.26 0.24
 0.4589547462131716 0.4123029284825181 0.2666666666666667 0.25
 0.5347266296152151 0.5223059414650258 0.3166666666666667 0.25
 0.5387524328647119 0.4960134011366983 0.28 0.25
 0.5220795494762324 0.491438221754028 0.2966666666666666 0.26
 0.4741427117851021 0.4347970434708383 0.2733333333333333 0.3
 0.5470137373251373 0.5128287683443142 0.2566666666666667 0.24
 0.5468355313200588 0.5320868980865368 0.3266666666666667 0.29
