# Created by Octave 3.0.1, Sun Mar 22 22:10:40 2009 CET <artieres@artieres-laptop>
# name: Results
# type: matrix
# rows: 20
# columns: 4
 0.5559546415518368 0.5095761516325003 0.2766666666666666 0.24
 0.7090278045837656 0.7109394298230689 0.3966666666666666 0.51
 0.5522420951201973 0.4850759916673511 0.2866666666666666 0.25
 0.5335385084975098 0.4802728352978589 0.2566666666666667 0.26
 0.5521949167881448 0.508973140247841 0.25 0.24
 0.5430934308971144 0.4870772252878559 0.2633333333333333 0.23
 0.5247752626519646 0.4968648754646539 0.26 0.24
 0.542774593454323 0.4998432730316898 0.2666666666666667 0.23
 0.5332292392868219 0.4769328768522617 0.2633333333333333 0.23
 0.5449409314344067 0.5012873621866588 0.2566666666666667 0.23
 0.5319944683749137 0.4918834701054729 0.26 0.23
 0.5469998084441604 0.5118276104970952 0.2766666666666666 0.24
 0.547603812211732 0.4908461718669892 0.27 0.24
 0.5384005981551151 0.4945220069041754 0.26 0.24
 0.5487717576935477 0.520525495320991 0.2566666666666667 0.23
 0.517788070894225 0.4746716810619037 0.26 0.24
 0.5228991036140076 0.4818852442508084 0.2466666666666667 0.25
 0.5238656924069854 0.4752944710684053 0.26 0.24
 0.5374707657506751 0.4904988191860401 0.26 0.25
 0.5243820906540839 0.4797880536225269 0.2633333333333333 0.22
