# Created by Octave 3.0.1, Sun Mar 22 17:48:45 2009 CET <artieres@artieres-laptop>
# name: pmc
# type: cell
# rows: 1
# columns: 3
# name: <cell-element>
# type: cell
# rows: 1
# columns: 5
# name: <cell-element>
# type: matrix
# rows: 256
# columns: 1
 0
 0
 0.01700002
 1.662
 0.491
 0
 0
 0
 0
 0
 0.251
 1.137
 1.371
 0.118
 0
 0
 0
 0
 0
 1.587
 1.823
 0.469
 0
 0
 0
 0.535
 1.864
 2
 2
 0.295
 0
 0
 0
 0
 0
 0.287
 1.864
 1.974
 1.512
 1.362
 1.362
 1.894
 2
 1.869
 1.006
 0.005999982
 0
 0
 0
 0
 0
 0
 0.346
 1.537
 1.884
 1.985
 2
 1.918
 1.12
 0.152
 0
 0
 0
 0
 0
 0
 0
 0
 0
 0
 0
 1.245
 2
 0.707
 0
 0
 0
 0
 0
 0
 0
 0
 0
 0
 0
 0
 0.409
 1.96
 1.928
 1.014
 1.333
 1.333
 0.82
 0.01899999
 0
 0
 0
 0
 0
 0
 0
 0.06400001
 1.691
 2
 2
 1.989
 1.913
 1.917
 2
 1.62
 0.156
 0
 0
 0
 0
 0
 0
 0.8129999999999999
 2
 1.91
 1.215
 0.42
 0
 0.014
 1.041
 2
 1.153
 0
 0
 0
 0
 0
 0
 0.618
 1.498
 0.411
 0
 0
 0
 0
 0.02899998
 1.623
 1.87
 0.1
 0
 0
 0
 0
 0
 0
 0
 0
 0
 0
 0
 0
 0
 0.989
 2
 0.258
 0
 0
 0
 0
 0
 0
 0
 0
 0
 0
 0
 0
 0
 1.233
 1.998
 0.339
 0
 0
 0
 0
 0
 0
 0
 0
 0
 0
 0
 0
 0.118
 1.755
 1.844
 0.01300001
 0
 0
 0
 0
 0
 0
 0
 0
 0
 0
 0
 0.01700002
 1.135
 1.999
 0.929
 0
 0.097
 0.904
 1.28
 1.565
 1.082
 0.373
 0.023
 0
 0.01499999
 0.359
 1.095
 1.82
 2
 1.534
 0
 0
 0
 0.154
 1.142
 1.869
 2
 2
 1.644
 1.71
 1.732
 2
 2
 1.997
 1.208
 0.09500003
 0
 0
 0
 0
 0
 0.08399999
 0.735
 1.391
 1.774
 2
 1.802
 1.513
 1.009
 0.397
 0
 0
 0
 0

# name: <cell-element>
# type: matrix
# rows: 256
# columns: 1
 0
 0
 0.01700002
 1.662
 0.491
 0
 0
 0
 0
 0
 0.251
 1.137
 1.371
 0.118
 0
 0
 0
 0
 0
 1.587
 1.823
 0.469
 0
 0
 0
 0.535
 1.864
 2
 2
 0.295
 0
 0
 0
 0
 0
 0.287
 1.864
 1.974
 1.512
 1.362
 1.362
 1.894
 2
 1.869
 1.006
 0.005999982
 0
 0
 0
 0
 0
 0
 0.346
 1.537
 1.884
 1.985
 2
 1.918
 1.12
 0.152
 0
 0
 0
 0
 0
 0
 0
 0
 0
 0
 0
 1.245
 2
 0.707
 0
 0
 0
 0
 0
 0
 0
 0
 0
 0
 0
 0
 0.409
 1.96
 1.928
 1.014
 1.333
 1.333
 0.82
 0.01899999
 0
 0
 0
 0
 0
 0
 0
 0.06400001
 1.691
 2
 2
 1.989
 1.913
 1.917
 2
 1.62
 0.156
 0
 0
 0
 0
 0
 0
 0.8129999999999999
 2
 1.91
 1.215
 0.42
 0
 0.014
 1.041
 2
 1.153
 0
 0
 0
 0
 0
 0
 0.618
 1.498
 0.411
 0
 0
 0
 0
 0.02899998
 1.623
 1.87
 0.1
 0
 0
 0
 0
 0
 0
 0
 0
 0
 0
 0
 0
 0
 0.989
 2
 0.258
 0
 0
 0
 0
 0
 0
 0
 0
 0
 0
 0
 0
 0
 1.233
 1.998
 0.339
 0
 0
 0
 0
 0
 0
 0
 0
 0
 0
 0
 0
 0.118
 1.755
 1.844
 0.01300001
 0
 0
 0
 0
 0
 0
 0
 0
 0
 0
 0
 0.01700002
 1.135
 1.999
 0.929
 0
 0.097
 0.904
 1.28
 1.565
 1.082
 0.373
 0.023
 0
 0.01499999
 0.359
 1.095
 1.82
 2
 1.534
 0
 0
 0
 0.154
 1.142
 1.869
 2
 2
 1.644
 1.71
 1.732
 2
 2
 1.997
 1.208
 0.09500003
 0
 0
 0
 0
 0
 0.08399999
 0.735
 1.391
 1.774
 2
 1.802
 1.513
 1.009
 0.397
 0
 0
 0
 0

# name: <cell-element>
# type: matrix
# rows: 256
# columns: 1
 0
 0
 0
 0
 0
 0
 0
 0
 0
 0
 0
 0
 0
 0
 0
 0
 0
 0
 0
 0
 0
 0
 0
 0
 0
 0
 0
 0
 0
 0
 0
 0
 0
 0
 0
 0
 0
 0
 0
 0
 0
 0
 0
 0
 0
 0
 0
 0
 0
 0
 0
 0
 0
 0
 0
 0
 0
 0
 0
 0
 0
 0
 0
 0
 0
 0
 0
 0
 0
 0
 0
 0
 0
 0
 0
 0
 0
 0
 0
 0
 0
 0
 0
 0
 0
 0
 0
 0
 0
 0
 0
 0
 0
 0
 0
 0
 0
 0
 0
 0
 0
 0
 0
 0
 0
 0
 0
 0
 0
 0
 0
 0
 0
 0
 0
 0
 0
 0
 0
 0
 0
 0
 0
 0
 0
 0
 0
 0
 0
 0
 0
 0
 0
 0
 0
 0
 0
 0
 0
 0
 0
 0
 0
 0
 0
 0
 0
 0
 0
 0
 0
 0
 0
 0
 0
 0
 0
 0
 0
 0
 0
 0
 0
 0
 0
 0
 0
 0
 0
 0
 0
 0
 0
 0
 0
 0
 0
 0
 0
 0
 0
 0
 0
 0
 0
 0
 0
 0
 0
 0
 0
 0
 0
 0
 0
 0
 0
 0
 0
 0
 0
 0
 0
 0
 0
 0
 0
 0
 0
 0
 0
 0
 0
 0
 0
 0
 0
 0
 0
 0
 0
 0
 0
 0
 0
 0
 0
 0
 0
 0
 0
 0
 0
 0
 0
 0
 0
 0
 0
 0
 0
 0
 0
 0
 0
 0
 0
 0
 0
 0
 0
 0
 0
 0
 0
 0

# name: <cell-element>
# type: string
# elements: 1
# length: 4
flin

# name: <cell-element>
# type: string
# elements: 1
# length: 5
dflin


# name: <cell-element>
# type: cell
# rows: 1
# columns: 5
# name: <cell-element>
# type: matrix
# rows: 5
# columns: 1
 -1.830437251693656
 -0.3160389343538347
 1.705586662737097
 -1.454210733363819
 -0.7891752025600253

# name: <cell-element>
# type: matrix
# rows: 5
# columns: 1
 -1.359785778194351
 -0.3185507886058058
 1.311088116418045
 -1.194514310914542
 -0.749745955945663

