# Created by Octave 3.0.1, Sun Mar 22 17:58:42 2009 CET <artieres@artieres-laptop>
# name: pmc
# type: cell
# rows: 1
# columns: 3
# name: <cell-element>
# type: cell
# rows: 1
# columns: 5
# name: <cell-element>
# type: matrix
# rows: 256
# columns: 1
 0
 0
 0
 0.169
 1.047
 1.14
 1.947
 1.813
 1.012
 0.232
 0
 0
 0
 0
 0
 0
 0
 0
 0.437
 1.715
 2
 2
 2
 2
 2
 1.976
 1.039
 0.09500003
 0
 0
 0
 0
 0
 0
 1.056
 2
 2
 2
 2
 2
 2
 2
 2
 0.966
 0
 0
 0
 0
 0
 0
 1.538
 2
 2
 2
 1.692
 0.919
 0.9330000000000001
 1.932
 2
 1.843
 0.08899999
 0
 0
 0
 0
 0
 0.84
 1.942
 1.716
 1.125
 0.151
 0
 0.145
 1.805
 2
 2
 0.899
 0
 0
 0
 0
 0
 0
 0.294
 0.197
 0
 0
 0
 0.619
 2
 2
 2
 1.164
 0
 0
 0
 0
 0
 0
 0
 0
 0
 0
 0
 1.149
 2
 2
 2
 0.705
 0
 0
 0
 0
 0
 0
 0
 0
 0
 0
 0.278
 1.915
 2
 2
 1.968
 0.488
 0
 0
 0
 0
 0
 0
 0
 0
 0
 0
 1.19
 2
 2
 2
 1.445
 0.014
 0
 0
 0
 0.01899999
 1.404
 1.838
 1.838
 1.684
 0.973
 1.735
 1.953
 2
 2
 1.974
 0.441
 0
 0
 0
 0
 0.544
 1.999
 2
 2
 2
 2
 2
 2
 2
 1.971
 0.839
 0
 0
 0
 0
 0
 0.886
 2
 2
 2
 2
 2
 2
 2
 2
 1.998
 1.204
 0.155
 0
 0
 0
 0
 1.275
 2
 2
 2
 2
 2
 2
 2
 2
 2
 2
 1.777
 0.528
 0.05400002
 0.04500002
 0
 0.405
 1.997
 2
 2
 2
 2
 2
 1.693
 1.675
 1.929
 2
 2
 2
 2
 1.938
 0.714
 0
 0.804
 2
 2
 2
 2
 1.066
 0.08600003000000001
 0
 0.366
 1.097
 1.763
 2
 2
 2
 1.338
 0
 0.004000008
 1.226
 2
 1.936
 0.779
 0.08499998
 0
 0
 0
 0
 0.134
 0.328
 1.131
 1.135
 0.6820000000000001

# name: <cell-element>
# type: matrix
# rows: 256
# columns: 1
 0
 0
 0
 0.169
 1.047
 1.14
 1.947
 1.813
 1.012
 0.232
 0
 0
 0
 0
 0
 0
 0
 0
 0.437
 1.715
 2
 2
 2
 2
 2
 1.976
 1.039
 0.09500003
 0
 0
 0
 0
 0
 0
 1.056
 2
 2
 2
 2
 2
 2
 2
 2
 0.966
 0
 0
 0
 0
 0
 0
 1.538
 2
 2
 2
 1.692
 0.919
 0.9330000000000001
 1.932
 2
 1.843
 0.08899999
 0
 0
 0
 0
 0
 0.84
 1.942
 1.716
 1.125
 0.151
 0
 0.145
 1.805
 2
 2
 0.899
 0
 0
 0
 0
 0
 0
 0.294
 0.197
 0
 0
 0
 0.619
 2
 2
 2
 1.164
 0
 0
 0
 0
 0
 0
 0
 0
 0
 0
 0
 1.149
 2
 2
 2
 0.705
 0
 0
 0
 0
 0
 0
 0
 0
 0
 0
 0.278
 1.915
 2
 2
 1.968
 0.488
 0
 0
 0
 0
 0
 0
 0
 0
 0
 0
 1.19
 2
 2
 2
 1.445
 0.014
 0
 0
 0
 0.01899999
 1.404
 1.838
 1.838
 1.684
 0.973
 1.735
 1.953
 2
 2
 1.974
 0.441
 0
 0
 0
 0
 0.544
 1.999
 2
 2
 2
 2
 2
 2
 2
 1.971
 0.839
 0
 0
 0
 0
 0
 0.886
 2
 2
 2
 2
 2
 2
 2
 2
 1.998
 1.204
 0.155
 0
 0
 0
 0
 1.275
 2
 2
 2
 2
 2
 2
 2
 2
 2
 2
 1.777
 0.528
 0.05400002
 0.04500002
 0
 0.405
 1.997
 2
 2
 2
 2
 2
 1.693
 1.675
 1.929
 2
 2
 2
 2
 1.938
 0.714
 0
 0.804
 2
 2
 2
 2
 1.066
 0.08600003000000001
 0
 0.366
 1.097
 1.763
 2
 2
 2
 1.338
 0
 0.004000008
 1.226
 2
 1.936
 0.779
 0.08499998
 0
 0
 0
 0
 0.134
 0.328
 1.131
 1.135
 0.6820000000000001

# name: <cell-element>
# type: matrix
# rows: 256
# columns: 1
 0
 0
 0
 0
 0
 0
 0
 0
 0
 0
 0
 0
 0
 0
 0
 0
 0
 0
 0
 0
 0
 0
 0
 0
 0
 0
 0
 0
 0
 0
 0
 0
 0
 0
 0
 0
 0
 0
 0
 0
 0
 0
 0
 0
 0
 0
 0
 0
 0
 0
 0
 0
 0
 0
 0
 0
 0
 0
 0
 0
 0
 0
 0
 0
 0
 0
 0
 0
 0
 0
 0
 0
 0
 0
 0
 0
 0
 0
 0
 0
 0
 0
 0
 0
 0
 0
 0
 0
 0
 0
 0
 0
 0
 0
 0
 0
 0
 0
 0
 0
 0
 0
 0
 0
 0
 0
 0
 0
 0
 0
 0
 0
 0
 0
 0
 0
 0
 0
 0
 0
 0
 0
 0
 0
 0
 0
 0
 0
 0
 0
 0
 0
 0
 0
 0
 0
 0
 0
 0
 0
 0
 0
 0
 0
 0
 0
 0
 0
 0
 0
 0
 0
 0
 0
 0
 0
 0
 0
 0
 0
 0
 0
 0
 0
 0
 0
 0
 0
 0
 0
 0
 0
 0
 0
 0
 0
 0
 0
 0
 0
 0
 0
 0
 0
 0
 0
 0
 0
 0
 0
 0
 0
 0
 0
 0
 0
 0
 0
 0
 0
 0
 0
 0
 0
 0
 0
 0
 0
 0
 0
 0
 0
 0
 0
 0
 0
 0
 0
 0
 0
 0
 0
 0
 0
 0
 0
 0
 0
 0
 0
 0
 0
 0
 0
 0
 0
 0
 0
 0
 0
 0
 0
 0
 0
 0
 0
 0
 0
 0
 0
 0
 0
 0
 0
 0
 0

# name: <cell-element>
# type: string
# elements: 1
# length: 4
flin

# name: <cell-element>
# type: string
# elements: 1
# length: 5
dflin


# name: <cell-element>
# type: cell
# rows: 1
# columns: 5
# name: <cell-element>
# type: matrix
# rows: 15
# columns: 1
 5.289291302362536
 3.194590164838663
 2.515425744445933
 3.813264798588652
 -3.51603169249479
 0.5048613478583429
 1.704787648990543
 0.1209977681964007
 1.812838298204479
 0.1849796010416848
 -1.58653390855103
 -2.512171077916471
 -0.2384286142983246
 2.783398466109222
 -0.7163552098486238

# name: <cell-element>
# type: matrix
# rows: 15
# columns: 1
 1.694054521902368
 1.628003348549054
 1.541571614600625
 1.665347538611407
 -1.650711540257322
 0.4997653509240644
 1.310757753093281
 0.1232013526396783
 1.35326499017166
 0.1879082569176733
 -1.259107035790182
 -1.540980642979387
 -0.2415516173387967
 1.583646647051408
 -0.6887807098620266

