# Created by Octave 3.0.1, Sun Mar 22 17:39:57 2009 CET <artieres@artieres-laptop>
# name: pmc
# type: cell
# rows: 1
# columns: 3
# name: <cell-element>
# type: cell
# rows: 1
# columns: 5
# name: <cell-element>
# type: matrix
# rows: 256
# columns: 1
 0
 0
 0
 0
 0
 0
 0
 0
 0
 0
 0
 0.986
 1.093
 0
 0
 0
 0
 0
 0
 0
 0
 0
 0
 0
 0
 0
 0
 1.292
 1.348
 0
 0
 0
 0
 0
 0
 0
 0
 0
 0
 0
 0
 0
 0.001999974
 1.675
 1.203
 0
 0
 0
 0
 0
 0
 0.324
 0.156
 0
 0
 0
 0
 0
 0.143
 2
 0.8169999999999999
 0
 0
 0
 0
 0
 0
 1.008
 1.392
 0
 0
 0
 0
 0
 0.369
 2
 0.751
 0
 0
 0
 0
 0
 0
 0.994
 1.806
 0
 0
 0
 0
 0
 0.754
 2
 0.206
 0
 0
 0
 0
 0
 0
 1.379
 1.581
 0
 0
 0
 0
 0
 1.3
 1.961
 0.01899999
 0
 0
 0
 0
 0
 0
 1.525
 1.582
 0.09299999
 0
 0
 0
 0
 1.845
 1.72
 0.835
 0
 0
 0
 0
 0
 0
 1.191
 2
 1.844
 1.515
 1.04
 1.285
 1.756
 2
 1.785
 0.705
 0
 0
 0
 0
 0
 0
 0.04100001
 0.909
 1.428
 1.6
 1.6
 1.212
 1.186
 2
 1.304
 0
 0
 0
 0
 0
 0
 0
 0
 0
 0
 0
 0
 0
 0.522
 2
 0.918
 0
 0
 0
 0
 0
 0
 0
 0
 0
 0
 0
 0
 0
 0.747
 2
 0.453
 0
 0
 0
 0
 0
 0
 0
 0
 0
 0
 0
 0
 0
 0.973
 2
 0.387
 0
 0
 0
 0
 0
 0
 0
 0
 0
 0
 0
 0
 0
 0.878
 2
 0.482
 0
 0
 0
 0
 0
 0
 0
 0
 0
 0
 0
 0
 0
 0.864
 2
 1.056
 0
 0
 0
 0
 0
 0
 0
 0
 0
 0
 0
 0
 0
 0.243
 1.779
 0.698
 0
 0
 0
 0

# name: <cell-element>
# type: matrix
# rows: 256
# columns: 1
 0
 0
 0
 0
 0
 0
 0
 0
 0
 0
 0
 0.986
 1.093
 0
 0
 0
 0
 0
 0
 0
 0
 0
 0
 0
 0
 0
 0
 1.292
 1.348
 0
 0
 0
 0
 0
 0
 0
 0
 0
 0
 0
 0
 0
 0.001999974
 1.675
 1.203
 0
 0
 0
 0
 0
 0
 0.324
 0.156
 0
 0
 0
 0
 0
 0.143
 2
 0.8169999999999999
 0
 0
 0
 0
 0
 0
 1.008
 1.392
 0
 0
 0
 0
 0
 0.369
 2
 0.751
 0
 0
 0
 0
 0
 0
 0.994
 1.806
 0
 0
 0
 0
 0
 0.754
 2
 0.206
 0
 0
 0
 0
 0
 0
 1.379
 1.581
 0
 0
 0
 0
 0
 1.3
 1.961
 0.01899999
 0
 0
 0
 0
 0
 0
 1.525
 1.582
 0.09299999
 0
 0
 0
 0
 1.845
 1.72
 0.835
 0
 0
 0
 0
 0
 0
 1.191
 2
 1.844
 1.515
 1.04
 1.285
 1.756
 2
 1.785
 0.705
 0
 0
 0
 0
 0
 0
 0.04100001
 0.909
 1.428
 1.6
 1.6
 1.212
 1.186
 2
 1.304
 0
 0
 0
 0
 0
 0
 0
 0
 0
 0
 0
 0
 0
 0.522
 2
 0.918
 0
 0
 0
 0
 0
 0
 0
 0
 0
 0
 0
 0
 0
 0.747
 2
 0.453
 0
 0
 0
 0
 0
 0
 0
 0
 0
 0
 0
 0
 0
 0.973
 2
 0.387
 0
 0
 0
 0
 0
 0
 0
 0
 0
 0
 0
 0
 0
 0.878
 2
 0.482
 0
 0
 0
 0
 0
 0
 0
 0
 0
 0
 0
 0
 0
 0.864
 2
 1.056
 0
 0
 0
 0
 0
 0
 0
 0
 0
 0
 0
 0
 0
 0.243
 1.779
 0.698
 0
 0
 0
 0

# name: <cell-element>
# type: matrix
# rows: 256
# columns: 1
 0
 0
 0
 0
 0
 0
 0
 0
 0
 0
 0
 0
 0
 0
 0
 0
 0
 0
 0
 0
 0
 0
 0
 0
 0
 0
 0
 0
 0
 0
 0
 0
 0
 0
 0
 0
 0
 0
 0
 0
 0
 0
 0
 0
 0
 0
 0
 0
 0
 0
 0
 0
 0
 0
 0
 0
 0
 0
 0
 0
 0
 0
 0
 0
 0
 0
 0
 0
 0
 0
 0
 0
 0
 0
 0
 0
 0
 0
 0
 0
 0
 0
 0
 0
 0
 0
 0
 0
 0
 0
 0
 0
 0
 0
 0
 0
 0
 0
 0
 0
 0
 0
 0
 0
 0
 0
 0
 0
 0
 0
 0
 0
 0
 0
 0
 0
 0
 0
 0
 0
 0
 0
 0
 0
 0
 0
 0
 0
 0
 0
 0
 0
 0
 0
 0
 0
 0
 0
 0
 0
 0
 0
 0
 0
 0
 0
 0
 0
 0
 0
 0
 0
 0
 0
 0
 0
 0
 0
 0
 0
 0
 0
 0
 0
 0
 0
 0
 0
 0
 0
 0
 0
 0
 0
 0
 0
 0
 0
 0
 0
 0
 0
 0
 0
 0
 0
 0
 0
 0
 0
 0
 0
 0
 0
 0
 0
 0
 0
 0
 0
 0
 0
 0
 0
 0
 0
 0
 0
 0
 0
 0
 0
 0
 0
 0
 0
 0
 0
 0
 0
 0
 0
 0
 0
 0
 0
 0
 0
 0
 0
 0
 0
 0
 0
 0
 0
 0
 0
 0
 0
 0
 0
 0
 0
 0
 0
 0
 0
 0
 0
 0
 0
 0
 0
 0
 0

# name: <cell-element>
# type: string
# elements: 1
# length: 4
flin

# name: <cell-element>
# type: string
# elements: 1
# length: 5
dflin


# name: <cell-element>
# type: cell
# rows: 1
# columns: 5
# name: <cell-element>
# type: matrix
# rows: 10
# columns: 1
 1.987981700373884
 3.060952479249174
 0.6896471022802191
 -2.072828297533138
 3.195363004198331
 2.254232977085702
 -2.975726010728998
 2.265308411283735
 0.6832861235725399
 2.60528610988125

# name: <cell-element>
# type: matrix
# rows: 10
# columns: 1
 1.413451145729711
 1.615790449153434
 0.6658636656012367
 -1.43906139292313
 1.628068675858247
 1.486907425379878
 -1.606970506113121
 1.489546657345999
 0.6603626689241632
 1.557085749872238

# name: <cell-element>
# type: matrix
# rows: 10
# columns: 257
 0.03016020839760619 -0.05852155840333591 -0.12506525241487 0.06481745897566141 0.07406718964980806 0.06755851418623973 0.0576891760774541 0.1450110075192981 -0.02265851656437214 -0.04399387383074817 0.04238411727299206 -0.008120953421837588 0.1134535738211532 -0.1168694655703262 -0.147478548160857 -0.08092414440740607 0.09827470607919098 -0.06918219840151658 -0.0777254900602188 0.05605217254100587 -0.0109116887728601 -0.006667290716764473 0.1763785330657974 0.2936939561930364 0.100210656932608 -0.002906714457476067 -0.005458746476009099 0.1335802302890918 -0.02351658106626257 -0.02186816827668929 -0.1218811618336752 0.02477553122426185 0.06079610164292426 -0.09258291744796651 0.05485354875726501 -0.004209674763296554 0.02158799321943263 0.03714803975693016 0.05004693766009801 -0.002533724765747034 0.1381524409783237 -0.0143869382789671 -0.08299183838381934 0.2064218362719999 0.09690960799976013 -0.002947029760800236 0.118299442325633 0.03550664669803063 -0.03770772090649431 0.02377289582866431 -0.04477089016196669 -0.01385072577206327 0.02767709927092697 -0.1225729517756774 -0.02096541573298756 -0.08262718818226662 0.1280455127714677 -0.004048018628881241 -0.07415434250494732 0.0287358054167906 0.1047934127179045 0.1584414070564172 0.1481259104071929 0.06479047007846357 -0.06206767509817605 -0.07185853495959516 -0.2085791346737269 0.01364247756218496 0.03284779985354171 0.0610269584105577 -0.1189319427283465 0.02108042833295657 -0.0975280467581429 0.08657323756689157 0.03496823412896089 0.03624368252645745 -0.07894926852674579 0.002435393173168461 -0.03392490118962942 0.141575007346284 0.03869561320907411 -0.04219867249652758 -0.04620185634051368 0.1038152342158601 0.1338974759783081 0.07354899503790664 0.07045003223141964 -0.2361309337791803 -0.02937362875322444 0.1825649123413428 0.02766858462763507 0.2028935110065473 0.17685776082914 0.1611468901438839 0.1266187517645835 0.2558989143109639 -0.09676404885354631 0.03825151454103755 -0.05699853551101309 -0.02089697192161628 0.09545572193185337 -0.07449325497053912 0.06896992923985792 0.07560993662473181 -0.1169915172551704 0.08278559767725083 0.1601207575218718 0.2175736292543245 -0.01707617802166153 0.1158854911171768 0.1321163757238511 0.120016043714324 0.01270542412398616 -0.08780669527057336 0.05287519743715438 0.03981582777530317 0.03701478441312666 -0.09809712252233556 -0.03439956603157533 0.08234574532429599 0.1153506407491396 0.01487522914577259 0.01423199143769616 -0.02994902631360677 -0.1242099144036657 0.09711903244264254 -0.163159428239891 -0.02232941031122095 0.0089191287172781 -0.07830421878329846 -0.06072748826789455 0.1856582499611167 -0.02750266627015837 -0.03719443094411509 -0.05545881241299976 -0.08552985577914476 0.1481946256516805 0.04621097247255731 -0.03049304001095635 0.05109943343231767 0.04069637175965636 -0.008071090562720413 0.0639864275974765 -0.07894843495701487 0.07054064028939805 0.07934184339915276 -0.02805898176395708 -0.005938561122640905 -0.1005368755990561 -0.02092771125257517 -0.0498360816445536 -0.04346163750607932 0.07407577281032232 0.1459018053757143 -0.05805356837440066 -0.01352886276521486 0.07915391065517753 -0.1391536279909201 0.05923718178552442 -0.0790000180583922 -0.05613500034773393 -0.1273240112136274 0.03008078134960612 -0.03475258754052218 0.06482928350397926 -0.05673177956417755 -0.01098355414620437 0.09739602407209749 0.06176658187802861 -0.005138610826548438 -0.1180621158183111 -0.1038503319421546 -0.04807093893948206 -0.01687480664595161 -0.1010454261162109 -0.023392791570971 -0.1219745625439456 -0.08440273203535649 -0.1111615028729 -0.02485955332638308 0.02975552763221254 -0.08955307225691385 0.02506586193094941 -0.02905258030689374 -0.1044616947165086 0.1929400703917384 -0.02067214545111171 0.08981490384185996 -0.006693508558481538 -0.1035895020229562 0.04190865028181675 -0.1436587176676479 -0.1563090675645029 -0.1276034558644451 -0.07333186058306246 -0.005632355273847652 0.0005683154140550086 -0.1549898159100904 