# Created by Octave 3.0.1, Sun Mar 22 17:35:07 2009 CET <artieres@artieres-laptop>
# name: pmc
# type: cell
# rows: 1
# columns: 3
# name: <cell-element>
# type: cell
# rows: 1
# columns: 5
# name: <cell-element>
# type: matrix
# rows: 256
# columns: 1
 0
 0
 0
 0
 0
 0
 0.188
 1.959
 1.909
 0.9320000000000001
 0.8149999999999999
 0.276
 0
 0
 0
 0
 0
 0
 0
 0
 0
 0
 0.238
 1.798
 2
 2
 2
 0.9409999999999999
 0
 0
 0
 0
 0
 0
 0
 0
 0
 0.506
 1.921
 2
 2
 2
 1.946
 1.26
 0
 0
 0
 0
 0
 0
 0
 0
 0
 1.194
 2
 2
 1.989
 1.591
 0.182
 0
 0
 0
 0
 0
 0
 0
 0
 0
 0
 0.973
 2
 1.822
 0.67
 0
 0
 0
 0
 0
 0
 0
 0
 0
 0
 0
 0
 0.599
 2
 1.549
 0
 0
 0
 0
 0
 0
 0
 0
 0
 0
 0
 0
 0
 0.211
 1.904
 1.951
 0.543
 0
 0
 0
 0
 0
 0
 0
 0
 0
 0
 0
 0
 0
 0.573
 1.982
 1.918
 0.268
 0
 0
 0
 0
 0
 0
 0
 0
 0
 0
 0
 0
 0
 0.826
 1.973
 1.482
 0.04400003
 0
 0
 0
 0
 0
 0
 0
 0
 0
 0
 0
 0
 0
 0.9320000000000001
 2
 0.734
 0
 0
 0
 0
 0
 0
 0
 0
 0
 0
 0
 0
 0
 0.04000002
 1.749
 1.578
 0.01300001
 0
 0
 0
 0
 0
 0
 0
 0.166
 1.24
 0.438
 0
 0
 0
 0.581
 2
 0.975
 0
 0
 0
 0
 0
 0
 0
 0.497
 2
 1.925
 0.231
 0
 0
 0.07700002
 1.976
 1.733
 0.09899998
 0
 0
 0
 0
 0
 0
 0.083
 1.645
 2
 1.673
 1.334
 1.334
 1.624
 1.995
 2
 0.469
 0
 0
 0
 0
 0
 0
 0
 0.47
 1.829
 2
 2
 2
 2
 2
 1.772
 0.215
 0
 0
 0
 0
 0
 0
 0
 0
 0.278
 1.496
 2
 2
 1.998
 1.145
 0.366
 0
 0
 0
 0

# name: <cell-element>
# type: matrix
# rows: 256
# columns: 1
 0
 0
 0
 0
 0
 0
 0.188
 1.959
 1.909
 0.9320000000000001
 0.8149999999999999
 0.276
 0
 0
 0
 0
 0
 0
 0
 0
 0
 0
 0.238
 1.798
 2
 2
 2
 0.9409999999999999
 0
 0
 0
 0
 0
 0
 0
 0
 0
 0.506
 1.921
 2
 2
 2
 1.946
 1.26
 0
 0
 0
 0
 0
 0
 0
 0
 0
 1.194
 2
 2
 1.989
 1.591
 0.182
 0
 0
 0
 0
 0
 0
 0
 0
 0
 0
 0.973
 2
 1.822
 0.67
 0
 0
 0
 0
 0
 0
 0
 0
 0
 0
 0
 0
 0.599
 2
 1.549
 0
 0
 0
 0
 0
 0
 0
 0
 0
 0
 0
 0
 0
 0.211
 1.904
 1.951
 0.543
 0
 0
 0
 0
 0
 0
 0
 0
 0
 0
 0
 0
 0
 0.573
 1.982
 1.918
 0.268
 0
 0
 0
 0
 0
 0
 0
 0
 0
 0
 0
 0
 0
 0.826
 1.973
 1.482
 0.04400003
 0
 0
 0
 0
 0
 0
 0
 0
 0
 0
 0
 0
 0
 0.9320000000000001
 2
 0.734
 0
 0
 0
 0
 0
 0
 0
 0
 0
 0
 0
 0
 0
 0.04000002
 1.749
 1.578
 0.01300001
 0
 0
 0
 0
 0
 0
 0
 0.166
 1.24
 0.438
 0
 0
 0
 0.581
 2
 0.975
 0
 0
 0
 0
 0
 0
 0
 0.497
 2
 1.925
 0.231
 0
 0
 0.07700002
 1.976
 1.733
 0.09899998
 0
 0
 0
 0
 0
 0
 0.083
 1.645
 2
 1.673
 1.334
 1.334
 1.624
 1.995
 2
 0.469
 0
 0
 0
 0
 0
 0
 0
 0.47
 1.829
 2
 2
 2
 2
 2
 1.772
 0.215
 0
 0
 0
 0
 0
 0
 0
 0
 0.278
 1.496
 2
 2
 1.998
 1.145
 0.366
 0
 0
 0
 0

# name: <cell-element>
# type: matrix
# rows: 256
# columns: 1
 0
 0
 0
 0
 0
 0
 0
 0
 0
 0
 0
 0
 0
 0
 0
 0
 0
 0
 0
 0
 0
 0
 0
 0
 0
 0
 0
 0
 0
 0
 0
 0
 0
 0
 0
 0
 0
 0
 0
 0
 0
 0
 0
 0
 0
 0
 0
 0
 0
 0
 0
 0
 0
 0
 0
 0
 0
 0
 0
 0
 0
 0
 0
 0
 0
 0
 0
 0
 0
 0
 0
 0
 0
 0
 0
 0
 0
 0
 0
 0
 0
 0
 0
 0
 0
 0
 0
 0
 0
 0
 0
 0
 0
 0
 0
 0
 0
 0
 0
 0
 0
 0
 0
 0
 0
 0
 0
 0
 0
 0
 0
 0
 0
 0
 0
 0
 0
 0
 0
 0
 0
 0
 0
 0
 0
 0
 0
 0
 0
 0
 0
 0
 0
 0
 0
 0
 0
 0
 0
 0
 0
 0
 0
 0
 0
 0
 0
 0
 0
 0
 0
 0
 0
 0
 0
 0
 0
 0
 0
 0
 0
 0
 0
 0
 0
 0
 0
 0
 0
 0
 0
 0
 0
 0
 0
 0
 0
 0
 0
 0
 0
 0
 0
 0
 0
 0
 0
 0
 0
 0
 0
 0
 0
 0
 0
 0
 0
 0
 0
 0
 0
 0
 0
 0
 0
 0
 0
 0
 0
 0
 0
 0
 0
 0
 0
 0
 0
 0
 0
 0
 0
 0
 0
 0
 0
 0
 0
 0
 0
 0
 0
 0
 0
 0
 0
 0
 0
 0
 0
 0
 0
 0
 0
 0
 0
 0
 0
 0
 0
 0
 0
 0
 0
 0
 0
 0

# name: <cell-element>
# type: string
# elements: 1
# length: 4
flin

# name: <cell-element>
# type: string
# elements: 1
# length: 5
dflin


# name: <cell-element>
# type: cell
# rows: 1
# columns: 5
# name: <cell-element>
# type: matrix
# rows: 5
# columns: 1
 2.975373470733707
 2.33624781605745
 -2.722614444875301
 -1.225800345521521
 1.374134096337073

# name: <cell-element>
# type: matrix
# rows: 5
# columns: 1
 1.606932219359634
 1.50573938005504
 -1.575165802160119
 -1.064891289477627
 1.151751923525062

# name: <cell-element>
# type: matrix
# rows: 5
# columns: 257
 0.0351122699631752 0.1208501038212673 0.007748840787808408 0.08044331767648361 0.07384271512595207 -0.07353457381072566 -0.05222044729856897 0.1507232163600563 0.1337528763791021 0.0915927747434271 -0.02620721427974219 0.07526824849412725 0.03347376628533368 0.1522603737814908 0.03640317233027256 0.003412450111663016 0.06640910683615445 -0.01176924297942995 0.05484078910922246 0.03624535862635429 0.1137945295509702 -0.03016240381975313 0.06730187091578721 0.277808045340736 0.1517905614824348 0.1636590392103283 -0.002661015897333173 0.2108972145611101 -0.01500827283758504 -0.02385981878133871 -0.03585095441096098 -0.001763874690781246 -0.02072019537668445 -0.06067360054336251 0.04683647632299626 0.01269779856826982 0.007917669382841802 -0.06462038158940683 -0.06222786938498814 0.1122545252802898 0.1567020636937345 0.09899438242523255 0.06042786721446777 0.1598239375408559 0.03944662324764837 0.007483376459035063 -0.0277696637146712 0.04142715174560926 0.09358164586202448 -0.003162041829021228 0.02733703876629818 0.1199461083082292 -0.08485638130611853 0.01851860020141744 0.01969467132240785 -0.001456878039256042 0.03455096058089177 0.09316883818080691 0.2218478650457761 0.1578740874350765 0.1190947652556496 0.1082744955622061 0.02092391085473412 0.02611698689789103 0.01860609181973701 -0.01032611925460146 0.01433083218644523 0.1134300146037331 0.08715189774891866 -0.01359178340431846 -0.2343971370695888 -0.05305468752819052 -0.07150355508262476 0.04971239151248332 -0.021076790115469 0.001136374312568114 0.02588962076944386 0.0975767192887512 0.02025064384138092 -0.01383029387214841 -0.04822432545578959 -0.02223664564680196 -0.06423945964148041 0.07936469476644792 0.2105314841401366 0.01244640250284015 -0.073593386332945 0.05046533548444875 -0.08148725914091025 0.06054299836772294 -0.0393381847715115 -0.02511583749825123 0.0365408496848591 -0.04363914175213933 0.05873454813003158 0.09772928199910054 -0.008631508568649242 -0.0613272248049426 -0.1569929865330988 0.08369051158469276 0.105137915368984 -0.08308685892464537 -0.07955319350073294 -0.07516483745792207 -0.08917568120596785 0.02456169734330128 -0.05204803386417952 0.0899311653958146 0.04537728412073685 -0.03107878347522097 0.02169421174660259 0.08606019393955083 0.084771699744778 -0.0146107448170319 0.09373672078671283 -0.01169898479183431 -0.07816606182840308 0.05636929139778456 -0.03729790380528763 -0.04499940156842074 0.01076992006023513 0.112382979476421 0.08129279836923545 0.02020792864415373 -0.07477506934357633 -0.03777500581054073 -0.005535952517969856 0.02050227873345012 0.0272528816648745 -0.008961144384357409 -0.04657855290963865 0.05886872463223621 -0.06013121500406881 -0.04546521929814863 -0.1696903336080865 -0.09065767492014982 -0.0265803565818295 -0.03100534591381276 -0.05787248197249142 0.04618239352006028 0.08038293011984 0.001995377616388569 -0.03203418677335989 -0.05762468091361062 -0.02921758314437263 -0.05394007638889402 0.02869801858156001 0.0942296629440187 -0.05686954062451273 -0.01352356577285838 -0.007973577152204375 0.03770478715985174 0.09166830543509603 0.0007626089726531557 0.003235511740278574 -0.06044458476890335 0.0981672997987099 -0.1014778756290837 -0.03103775217837074 0.0077548009245884 -0.09871065797677404 -0.1475386002863089 0.05451471822499189 0.06664207915263655 -0.05227490297118561 0.04776631881934145 0.08550119074551393 0.04260993818736788 0.06582481945881438 -0.03453433546248837 -0.04613625943522007 -0.1724002761473606 -0.005324337673608211 -0.05678862826410457 0.06423028100559791 -0.132474115922015 -0.008998726968989325 0.0137353258087934 -0.005666249301035738 0.001015130170679664 -0.01147372452824134 0.05434760789629915 0.01725127460808749 0.04572856371505479 -0.03556050606242232 -0.03452463744961507 0.08518306422503291 0.08429117596164318 0.04722404994185832 -0.08421151582022467 0.06216635279346071 -0.123273924599736 -0.08411380893974797 -0.02609290061509188 -0.05101299862649877 -0.1437780075589351 -0.05638014082277836 0.0109903441957995 -0.09487047177872798 