# Created by Octave 3.0.1, Sun Mar 22 17:40:14 2009 CET <artieres@artieres-laptop>
# name: pmc
# type: cell
# rows: 1
# columns: 3
# name: <cell-element>
# type: cell
# rows: 1
# columns: 5
# name: <cell-element>
# type: matrix
# rows: 256
# columns: 1
 0
 0
 0
 0
 0
 0
 0.335
 1.603
 2
 1.646
 0.164
 0
 0
 0
 0
 0
 0
 0
 0
 0
 0
 0.768
 1.848
 1.915
 1.585
 2
 1.683
 0.201
 0
 0
 0
 0
 0
 0
 0
 0
 1.293
 2
 1.613
 0.219
 0
 0.919
 2
 1.081
 0
 0
 0
 0
 0
 0
 0
 0.408
 1.937
 1.774
 0.256
 0
 0
 0.119
 1.851
 1.828
 0.07700002
 0
 0
 0
 0
 0
 0
 0.522
 1.97
 0.508
 0
 0
 0
 0
 1.273
 2
 0.602
 0
 0
 0
 0
 0
 0
 0
 0
 0
 0
 0
 0
 0
 0.575
 2
 1.175
 0
 0
 0
 0
 0
 0
 0
 0
 0
 0
 0
 0
 0
 0.135
 1.992
 1.74
 0.008000016
 0
 0
 0
 0
 0
 0
 0
 0
 0
 0
 0
 0
 0
 1.929
 2
 0.07099998
 0
 0
 0
 0
 0
 0
 0
 0.669
 1.216
 1.5
 1.5
 0.74
 0.08200002000000001
 1.899
 1.918
 0.101
 0
 0
 0
 0
 0
 0
 1.033
 2
 2
 2
 2
 2
 1.75
 2
 1.467
 0
 0
 0
 0
 0
 0.046
 1.289
 2
 1.1
 0.191
 0
 0.184
 1.4
 2
 2
 1.165
 0
 0
 0
 0
 0
 0.137
 2
 1.613
 0
 0
 0
 0
 0.637
 2
 2
 0.863
 0
 0
 0
 0
 0
 0.5639999999999999
 2
 1.061
 0
 0
 0.648
 1.541
 2
 2
 2
 1.561
 0
 0
 0
 0
 0
 0.13
 1.986
 1.75
 2
 2
 2
 2
 1.638
 0.986
 2
 1.995
 0.389
 0
 0
 0
 0
 0
 0.695
 1.722
 2
 1.652
 1.398
 0.768
 0.014
 0.418
 2
 2
 0.457
 0
 0
 0
 0
 0
 0
 0
 0
 0
 0
 0
 0
 0
 1.72
 1.711
 0.06800001999999999
 0
 0

# name: <cell-element>
# type: matrix
# rows: 256
# columns: 1
 0
 0
 0
 0
 0
 0
 0.335
 1.603
 2
 1.646
 0.164
 0
 0
 0
 0
 0
 0
 0
 0
 0
 0
 0.768
 1.848
 1.915
 1.585
 2
 1.683
 0.201
 0
 0
 0
 0
 0
 0
 0
 0
 1.293
 2
 1.613
 0.219
 0
 0.919
 2
 1.081
 0
 0
 0
 0
 0
 0
 0
 0.408
 1.937
 1.774
 0.256
 0
 0
 0.119
 1.851
 1.828
 0.07700002
 0
 0
 0
 0
 0
 0
 0.522
 1.97
 0.508
 0
 0
 0
 0
 1.273
 2
 0.602
 0
 0
 0
 0
 0
 0
 0
 0
 0
 0
 0
 0
 0
 0.575
 2
 1.175
 0
 0
 0
 0
 0
 0
 0
 0
 0
 0
 0
 0
 0
 0.135
 1.992
 1.74
 0.008000016
 0
 0
 0
 0
 0
 0
 0
 0
 0
 0
 0
 0
 0
 1.929
 2
 0.07099998
 0
 0
 0
 0
 0
 0
 0
 0.669
 1.216
 1.5
 1.5
 0.74
 0.08200002000000001
 1.899
 1.918
 0.101
 0
 0
 0
 0
 0
 0
 1.033
 2
 2
 2
 2
 2
 1.75
 2
 1.467
 0
 0
 0
 0
 0
 0.046
 1.289
 2
 1.1
 0.191
 0
 0.184
 1.4
 2
 2
 1.165
 0
 0
 0
 0
 0
 0.137
 2
 1.613
 0
 0
 0
 0
 0.637
 2
 2
 0.863
 0
 0
 0
 0
 0
 0.5639999999999999
 2
 1.061
 0
 0
 0.648
 1.541
 2
 2
 2
 1.561
 0
 0
 0
 0
 0
 0.13
 1.986
 1.75
 2
 2
 2
 2
 1.638
 0.986
 2
 1.995
 0.389
 0
 0
 0
 0
 0
 0.695
 1.722
 2
 1.652
 1.398
 0.768
 0.014
 0.418
 2
 2
 0.457
 0
 0
 0
 0
 0
 0
 0
 0
 0
 0
 0
 0
 0
 1.72
 1.711
 0.06800001999999999
 0
 0

# name: <cell-element>
# type: matrix
# rows: 256
# columns: 1
 0
 0
 0
 0
 0
 0
 0
 0
 0
 0
 0
 0
 0
 0
 0
 0
 0
 0
 0
 0
 0
 0
 0
 0
 0
 0
 0
 0
 0
 0
 0
 0
 0
 0
 0
 0
 0
 0
 0
 0
 0
 0
 0
 0
 0
 0
 0
 0
 0
 0
 0
 0
 0
 0
 0
 0
 0
 0
 0
 0
 0
 0
 0
 0
 0
 0
 0
 0
 0
 0
 0
 0
 0
 0
 0
 0
 0
 0
 0
 0
 0
 0
 0
 0
 0
 0
 0
 0
 0
 0
 0
 0
 0
 0
 0
 0
 0
 0
 0
 0
 0
 0
 0
 0
 0
 0
 0
 0
 0
 0
 0
 0
 0
 0
 0
 0
 0
 0
 0
 0
 0
 0
 0
 0
 0
 0
 0
 0
 0
 0
 0
 0
 0
 0
 0
 0
 0
 0
 0
 0
 0
 0
 0
 0
 0
 0
 0
 0
 0
 0
 0
 0
 0
 0
 0
 0
 0
 0
 0
 0
 0
 0
 0
 0
 0
 0
 0
 0
 0
 0
 0
 0
 0
 0
 0
 0
 0
 0
 0
 0
 0
 0
 0
 0
 0
 0
 0
 0
 0
 0
 0
 0
 0
 0
 0
 0
 0
 0
 0
 0
 0
 0
 0
 0
 0
 0
 0
 0
 0
 0
 0
 0
 0
 0
 0
 0
 0
 0
 0
 0
 0
 0
 0
 0
 0
 0
 0
 0
 0
 0
 0
 0
 0
 0
 0
 0
 0
 0
 0
 0
 0
 0
 0
 0
 0
 0
 0
 0
 0
 0
 0
 0
 0
 0
 0
 0

# name: <cell-element>
# type: string
# elements: 1
# length: 4
flin

# name: <cell-element>
# type: string
# elements: 1
# length: 5
dflin


# name: <cell-element>
# type: cell
# rows: 1
# columns: 5
# name: <cell-element>
# type: matrix
# rows: 15
# columns: 1
 -2.966600601689108
 1.539743008805176
 3.950377870905877
 2.503620870901721
 -1.415885864923313
 0.4535263223518877
 -3.793205423518587
 4.745138813767289
 -8.052313407924267
 -4.433638516187671
 5.218286692837416
 4.504702520333835
 3.922199016193247
 3.213957891750121
 2.328227317570039

# name: <cell-element>
# type: matrix
# rows: 15
# columns: 1
 -1.605974516365236
 1.237109868743095
 1.670559228257533
 1.539418122029523
 -1.174401897044626
 0.4515072243567161
 -1.664512102196127
 1.688595542999954
 -1.699783747589103
 -1.683451665689847
 1.693526732771021
 1.684798310456555
 1.669555743116975
 1.629623111098471
 1.503968992303778

