# Created by Octave 3.0.1, Sun Mar 22 18:13:36 2009 CET <artieres@artieres-laptop>
# name: Results_Epsi001
# type: matrix
# rows: 6
# columns: 4
 0.6857637980311577 1.011563102661366 0.06000000000000005 0.562139486103828
 0.2109840086244055 0.9007917301004655 0 0.3649711588883062
 0.1467446680014124 0.8784318807167605 0 0.3455689564761405
 0.1181035205507178 0.8860970926026542 0 0.3565810173046671
 0.1209193307289587 0.8465593471300187 0 0.3529103303618248
 0.1035357538413561 0.8390471948132181 0 0.3099108547456738
