# Created by Octave 3.0.1, Sun Mar 22 17:46:11 2009 CET <artieres@artieres-laptop>
# name: Results_Epsi01
# type: matrix
# rows: 6
# columns: 4
 0.7100893132714685 0.8494104523605729 0.48 0.5998951232302046
 0.06434159384644189 0.6780257056046104 0 0.3592029365495543
 0.7503017060226977 0.8818127936600598 0.26 0.4640797063450446
 0.2533099175349539 0.7239627585496546 0 0.3214472994231777
 0.1126938716491216 0.6632530477674555 0 0.2826428945988464
 0.2306437774330463 0.7407131527256643 0 0.3062401678028317
