# Created by Octave 3.0.1, Sun Mar 22 21:19:24 2009 CET <artieres@artieres-laptop>
# name: pmc
# type: cell
# rows: 1
# columns: 3
# name: <cell-element>
# type: cell
# rows: 1
# columns: 5
# name: <cell-element>
# type: matrix
# rows: 2
# columns: 1
 1.4992705554296
 0.4911429008120596

# name: <cell-element>
# type: matrix
# rows: 2
# columns: 1
 1.4992705554296
 0.4911429008120596

# name: <cell-element>
# type: matrix
# rows: 2
# columns: 1
 0
 0

# name: <cell-element>
# type: string
# elements: 1
# length: 4
flin

# name: <cell-element>
# type: string
# elements: 1
# length: 5
dflin


# name: <cell-element>
# type: cell
# rows: 1
# columns: 5
# name: <cell-element>
# type: matrix
# rows: 19
# columns: 1
 1.463377208407142
 0.3441988525443374
 0.06462688291940497
 1.095479773425624
 0.5740733593572889
 -0.6750729675310728
 1.944840429248279
 0.909516587476164
 0.5290527934172755
 0.5431925450194418
 -0.107656692408359
 -1.724425046624437
 -1.206634293066852
 1.775640987156182
 0.5894673157604652
 -3.394240875425012
 3.046469876102603
 -1.016012082196218
 1.119462547438208

# name: <cell-element>
# type: matrix
# rows: 19
# columns: 1
 1.199229615879287
 0.3461752818193823
 0.06588640188110362
 0.9801446336748295
 0.5634463616356566
 -0.6532357532282784
 1.399571266892441
 0.8454066158494694
 0.5222107366800309
 0.5352380905360452
 -0.1096573576902661
 -1.318806615950028
 -1.052927146694674
 1.339117225476738
 0.5773802696894454
 -1.643084925286222
 1.61435135850485
 -0.924545973204614
 0.996339868883846

# name: <cell-element>
# type: matrix
# rows: 19
# columns: 3
 1.601670052362832 -0.06811730413323652 -0.1089531513036452
 -1.167513509354586 1.451274334016656 -1.419550963504587
 -0.5419741769785276 0.1560100236328534 0.7552086990816825
 1.282189148323917 -0.09430268645447884 -0.1288487874740754
 -0.04198980334331942 0.38179202412485 0.0890114607087768
 -0.3306392048246435 0.00533210438384701 -0.680435894220536
 1.440497083053997 0.4512460370115626 -0.3483211636918446
 2.764029323485814 -0.9468207260685759 -0.8259537313712588
 0.1422538500678136 0.5949340831858991 -1.029086217303066
 0.4899004248357597 0.4311326923176765 -1.173972433107836
 -0.1467399105450836 -0.2863920998940835 0.938831293444743
 0.4149813837794898 -1.552016759480927 0.3814458862514141
 -0.2985862613047519 -0.8523457578734844 0.7716754558050822
 0.3994270207576218 0.2189381915608493 2.168147102006435
 0.8739892572248853 -0.1347403189472859 -0.1872772207216018
 -1.70688538547042 -1.112854324353572 -0.04470241187263754
 -0.5167784299511741 1.977839719272573 1.21384807961312
 -1.124727081304278 0.4283283548121393 -1.045670606749465
 -0.189747321157315 0.6693896039542219 0.6476896830359327

# name: <cell-element>
# type: string
# elements: 1
# length: 5
f_ccs

# name: <cell-element>
# type: string
# elements: 1
# length: 6
df_ccs


# name: <cell-element>
# type: cell
# rows: 1
# columns: 5
# name: <cell-element>
# type: matrix
# rows: 2
# columns: 1
 0.3549108321595075
 0.6591386213265698

# name: <cell-element>
# type: matrix
# rows: 2
# columns: 1
 0.3549108321595075
 0.6591386213265698

# name: <cell-element>
# type: matrix
# rows: 2
# columns: 20
 -0.5873250656599316 -0.06555988392183471 -0.3935182162288731 0.005152235260852794 -0.3195228795273565 0.1387519861428287 0.3908612107030905 0.06580932588919222 0.5394060618381411 -0.3147418635112857 0.1982971121747088 -0.1944231701699602 0.02757107555122291 -0.1072853637493776 0.4967899323468585 0.219266949563852 -0.4004873458381363 -0.2564427887197468 0.2927633028459346 0.5360386183193366
 0.4625905304856351 0.6833013094131685 0.382422242171618 0.04363864891118514 0.268562837282825 0.1204064088564159 -0.08287137636067096 -0.04809473354041452 -0.368882469505424 -0.3143388129708901 -0.2311936205323469 -0.02126939485976056 0.06726343723735335 -0.4133819530185321 -0.5486569005917967 0.4413198049768587 0.6971469521027652 0.1123527949593666 -0.3263535082427476 0.0720680139086138

# name: <cell-element>
# type: string
# elements: 1
# length: 9
f_sorties

# name: <cell-element>
# type: string
# elements: 1
# length: 10
df_sorties


