# Created by Octave 3.0.1, Sun Mar 22 21:20:26 2009 CET <artieres@artieres-laptop>
# name: pmc
# type: cell
# rows: 1
# columns: 3
# name: <cell-element>
# type: cell
# rows: 1
# columns: 5
# name: <cell-element>
# type: matrix
# rows: 2
# columns: 1
 -0.1414161193331552
 -1.703011535859243

# name: <cell-element>
# type: matrix
# rows: 2
# columns: 1
 -0.1414161193331552
 -1.703011535859243

# name: <cell-element>
# type: matrix
# rows: 2
# columns: 1
 0
 0

# name: <cell-element>
# type: string
# elements: 1
# length: 4
flin

# name: <cell-element>
# type: string
# elements: 1
# length: 5
dflin


# name: <cell-element>
# type: cell
# rows: 1
# columns: 5
# name: <cell-element>
# type: matrix
# rows: 20
# columns: 1
 -0.1968118893673535
 -0.730261606683089
 -1.397639972606193
 2.697121567515327
 -1.229432989539655
 -2.351384025110101
 -0.3876912830637799
 -0.7486743812712303
 0.4899790013490337
 -1.701597491238726
 0.5023787526582667
 -1.397606646136732
 -0.2182812565176291
 3.577856945121636
 -0.1031302974110574
 -1.390339416173147
 0.4116560415710521
 0.05301628299663163
 0.870321369110695
 -0.1893839683494188

# name: <cell-element>
# type: matrix
# rows: 20
# columns: 1
 -0.1998201871886111
 -0.7005965013432496
 -1.164599140612938
 1.571434565612671
 -1.067139609208286
 -1.509039586574892
 -0.3884637112308261
 -0.7161164826387778
 0.4858611435915888
 -1.309436301799546
 0.4974509390160619
 -1.164581100447864
 -0.2213825487999879
 1.654188425117455
 -0.1050588506487762
 -1.160635414754556
 0.4115539372811655
 0.05405837669051981
 0.8149641288125604
 -0.1923445173897303

# name: <cell-element>
# type: matrix
# rows: 20
# columns: 3
 -0.8009978990744948 0.176384255561309 -0.3694361234483859
 0.04673859152229058 -0.4359413918219404 0.492464790860679
 -0.1220518306108643 -0.2010901044528901 0.7657246403524063
 1.276644365301256 -0.3606056692337902 -0.8041540842969376
 -0.6002778016182634 0.03861478246644108 0.3662280541052788
 -0.6956262039349953 0.08396728102380067 0.9652804120503163
 -0.187202572174407 0.1579516948738123 0.1046105842819139
 -0.6247655486253675 -0.2913897927921813 0.09696345806544444
 -0.6793474085361866 0.1645806024086311 -0.7003158425003205
 -0.3974580553048105 -0.8748692867032948 0.8384299983202189
 -0.2078892270976697 0.1563392711748071 -0.4300569208922546
 -0.5025948831075435 0.1068343399128116 0.5166771710786029
 -0.5642329114565607 -0.5459986255802688 -0.1577833399280784
 -0.5703365576625828 0.06976938768072581 -2.441590522824476
 1.40596491608448 -1.56859256647267 1.016348334282539
 -1.962524170295592 0.3383016769034459 -0.3640916560387041
 0.3370978297957569 -1.067175633027678 0.04481508453884723
 1.208410441270044 1.060248086231053 0.5903587942575396
 0.5550448910289706 -0.009740863818332912 -0.1843224668937256
 0.7398464900606735 -0.1859122006982939 0.5611000897467139

# name: <cell-element>
# type: string
# elements: 1
# length: 5
f_ccs

# name: <cell-element>
# type: string
# elements: 1
# length: 6
df_ccs


# name: <cell-element>
# type: cell
# rows: 1
# columns: 5
# name: <cell-element>
# type: matrix
# rows: 2
# columns: 1
 -0.001199100742628224
 1.000617496045439

# name: <cell-element>
# type: matrix
# rows: 2
# columns: 1
 -0.001199100742628224
 1.000617496045439

# name: <cell-element>
# type: matrix
# rows: 2
# columns: 21
 -0.2591549714572971 -0.009602832482095012 -0.5104920428464295 -0.2037958259063772 0.1737024563983856 0.1231562472540691 0.07362617653220417 -0.05871758628308098 -0.212541841921739 0.4753092244022498 0.1520990960281011 -0.01583696347208677 -0.0888037490145067 -0.2463886015634616 -0.4510131022128487 0.5031429857596145 0.2143813041987986 0.2980889751451564 0.5152042160682823 0.1610936515333634 -0.2082655215961311
 -0.1054575887558359 -0.5694628087104537 -0.3506484138003459 0.1234531351222799 0.04124530472974599 0.09829858654594366 0.1622642625495335 -0.08494536900642169 -0.03796572206039555 -0.173088743767233 0.07113956419962776 -0.3966938686401598 -0.02479073101520022 0.2419285482639493 0.4612609910211838 -0.5106221759040095 -0.6775528074026286 -0.2968681297716995 -0.5633251122051871 0.1877417772540889 0.4637261422307745

# name: <cell-element>
# type: string
# elements: 1
# length: 9
f_sorties

# name: <cell-element>
# type: string
# elements: 1
# length: 10
df_sorties


