# Created by Octave 3.0.1, Sun Mar 22 22:28:41 2009 CET <artieres@artieres-laptop>
# name: pmc
# type: cell
# rows: 1
# columns: 5
# name: <cell-element>
# type: cell
# rows: 1
# columns: 5
# name: <cell-element>
# type: matrix
# rows: 2
# columns: 1
 0.4380638805346929
 0.3928069867381998

# name: <cell-element>
# type: matrix
# rows: 2
# columns: 1
 0.4380638805346929
 0.3928069867381998

# name: <cell-element>
# type: matrix
# rows: 2
# columns: 1
 0
 0

# name: <cell-element>
# type: string
# elements: 1
# length: 4
flin

# name: <cell-element>
# type: string
# elements: 1
# length: 5
dflin


# name: <cell-element>
# type: cell
# rows: 1
# columns: 5
# name: <cell-element>
# type: matrix
# rows: 10
# columns: 1
 0.2423776074880139
 0.06336174366018314
 -1.14310955230288
 0.9393817751709146
 2.641092378434745
 -0.1016022220773072
 0.8941145679458621
 2.389301648909215
 -1.135087220470322
 0.2138153334238638

# name: <cell-element>
# type: matrix
# rows: 10
# columns: 1
 0.2454969326522534
 0.0645978605260438
 -1.012043161527165
 0.868130642310199
 1.562853915035362
 -0.1035060789406735
 0.8335274831538533
 1.51707679501291
 -1.006745262972151
 0.2169030051797347

# name: <cell-element>
# type: matrix
# rows: 10
# columns: 3
 -0.05088060466913188 0.5544962327935882 0.1281887937686005
 0.003332602865657099 -0.2816238505624362 0.4668918498309411
 -1.709359365192091 1.345947433580993 -0.05947230471285999
 0.8709093416174842 0.162727423334201 -0.007160166772741572
 1.233786656496509 0.1508782276512901 3.414428621440181
 -0.2237176667045601 0.6906964284468251 -0.4593953725832378
 1.107603198366436 0.4237650924370047 -1.016083815134063
 1.544922530436568 1.477551395813432 0.5018169877827752
 -0.4652884123928568 -0.8482078939636361 -0.7592267357293992
 0.5830912598345772 -0.7189874077608802 -0.1382702445406013

# name: <cell-element>
# type: string
# elements: 1
# length: 5
f_ccs

# name: <cell-element>
# type: string
# elements: 1
# length: 6
df_ccs


# name: <cell-element>
# type: cell
# rows: 1
# columns: 5
# name: <cell-element>
# type: matrix
# rows: 5
# columns: 1
 -4.256564819350709
 0.04130468800891424
 6.422846547670177
 3.591882783054434
 -1.313866048030653

# name: <cell-element>
# type: matrix
# rows: 5
# columns: 1
 -1.679557373764731
 0.04212215848340935
 1.698472449498761
 1.65494289484613
 -1.117675295811498

# name: <cell-element>
# type: matrix
# rows: 5
# columns: 11
 -0.1547801539435081 0.5144317878091061 -0.1386450215557 1.979031086855154 0.0791248918809991 -1.625610718770366 0.8517017973422555 0.0387940158238164 0.06365717810189041 -0.4045257022767755 -0.8868498032728886
 0.1553218080339041 -0.7652567987042213 -0.01865680619834232 0.2124691105128856 0.2082641632622447 -0.315742349101775 0.05806751127459845 -0.09346523881633063 0.3872923466676502 -0.07726493158501323 0.09829585404154663
 0.7450328744182572 0.5299432008641634 -0.3698879694857964 0.4732166132675105 0.2300191239533855 1.567007403465778 0.6147670604337906 0.6073541451622188 1.533939177877457 -0.7077981147008728 -0.3709336875680382
 0.4771345241839156 0.385529902322632 0.5846670182699428 -0.6412781775356312 0.6335783453416777 0.3946640884238142 -0.6226481450587277 -0.03048014255599577 0.6178412881635337 -0.1519452625116537 0.1713978163686092
 0.2793120002992505 0.1730148724051377 -0.06935095234902076 0.09759014607034999 0.3444455259896677 -0.1966602049716331 0.0527658496913268 -0.645101156676535 -0.5178738137821127 0.1864521340056532 -0.03478248840050097

# name: <cell-element>
# type: string
# elements: 1
# length: 5
f_ccs

# name: <cell-element>
# type: string
# elements: 1
# length: 6
df_ccs


# name: <cell-element>
# type: cell
# rows: 1
# columns: 5
# name: <cell-element>
# type: scalar
-3.068195667674127

# name: <cell-element>
# type: scalar
-1.616501314916181

# name: <cell-element>
# type: matrix
# rows: 1
# columns: 6
 1.089260875575909 1.767692925330744 -0.02192013182469038 -1.550315455192642 1.02483711759445 0.2240982383229325

# name: <cell-element>
# type: string
# elements: 1
# length: 5
f_ccs

# name: <cell-element>
# type: string
# elements: 1
# length: 6
df_ccs


# name: <cell-element>
# type: cell
# rows: 1
# columns: 5
# name: <cell-element>
# type: matrix
# rows: 2
# columns: 1
 1.000108159069462
 -0.0001081590694621455

# name: <cell-element>
# type: matrix
# rows: 2
# columns: 1
 1.000108159069462
 -0.0001081590694621455

# name: <cell-element>
# type: matrix
# rows: 2
# columns: 2
 0.4652291428911946 -0.3308826897475343
 0.5347708571088053 0.3308826897475344

# name: <cell-element>
# type: string
# elements: 1
# length: 9
f_sorties

# name: <cell-element>
# type: string
# elements: 1
# length: 10
df_sorties


