# Created by Octave 3.0.1, Sun Mar 22 21:18:05 2009 CET <artieres@artieres-laptop>
# name: pmc
# type: cell
# rows: 1
# columns: 3
# name: <cell-element>
# type: cell
# rows: 1
# columns: 5
# name: <cell-element>
# type: matrix
# rows: 2
# columns: 1
 -1.034880294169376
 -1.275394121373406

# name: <cell-element>
# type: matrix
# rows: 2
# columns: 1
 -1.034880294169376
 -1.275394121373406

# name: <cell-element>
# type: matrix
# rows: 2
# columns: 1
 0
 0

# name: <cell-element>
# type: string
# elements: 1
# length: 4
flin

# name: <cell-element>
# type: string
# elements: 1
# length: 5
dflin


# name: <cell-element>
# type: cell
# rows: 1
# columns: 5
# name: <cell-element>
# type: matrix
# rows: 17
# columns: 1
 -1.569896757518847
 0.5767034940389564
 0.03389330321531023
 0.3629585031698817
 1.560222421100642
 -0.7367359005065554
 -0.8793031262779758
 0.8895131965368359
 -1.033453063271384
 -1.505367522985765
 -3.154577150584795
 0.2369086060126132
 -0.6973325273573581
 -1.786288621015881
 0.3898583568266271
 -2.947819049342425
 -0.1169082727251359

# name: <cell-element>
# type: matrix
# rows: 17
# columns: 1
 -1.251389414950093
 0.5658331450294005
 0.03456640440723595
 0.3644739619916132
 1.24684922218809
 -0.7060699101134071
 -0.8220018422079387
 0.8299575736180796
 -0.9370026753213997
 -1.220366045630289
 -1.624540641750533
 0.2400323141467729
 -0.6724881329637298
 -1.343218162565163
 0.3905580841158023
 -1.603891903982963
 -0.1190512456180738

# name: <cell-element>
# type: matrix
# rows: 17
# columns: 3
 0.1084899129477832 0.8497728582155339 0.626400575091459
 0.2541577975575346 0.5625732167770372 -0.7093203948761894
 0.8691406962821043 1.071859085841069 -0.2162015876722712
 0.6038824612545282 -0.03266303442910993 0.2162528846481069
 -1.244774637610093 -0.9943534622972042 -1.392020714745001
 -0.7640244941767649 1.134971341395882 -0.9411079747945573
 -1.062626745999729 0.07878561633010017 -0.2090636665096723
 0.1496762967697757 -1.011222773520915 0.240189203351566
 -0.4890727614377342 -0.4439226076060584 0.7873439128970952
 0.43783564360789 0.1283666905844009 1.418819621015281
 -1.304350259623824 1.236000778604321 0.4479080690984737
 1.117018052878558 0.1219633106430053 0.5925442807751516
 -0.5700129518682144 -0.1858863324328475 0.2506426368773323
 -0.9144082033850305 -0.2610592587530032 0.8957872105399932
 0.8449582643480299 -0.02052662648465246 0.3751800757780865
 -0.4879698602629349 0.4764194298774202 1.542041432367985
 -0.2464896266696166 0.03063006887042357 -0.1270512476576723

# name: <cell-element>
# type: string
# elements: 1
# length: 5
f_ccs

# name: <cell-element>
# type: string
# elements: 1
# length: 6
df_ccs


# name: <cell-element>
# type: cell
# rows: 1
# columns: 5
# name: <cell-element>
# type: matrix
# rows: 2
# columns: 1
 -0.01929015296966701
 1.039555210226675

# name: <cell-element>
# type: matrix
# rows: 2
# columns: 1
 -0.01929015296966701
 1.039555210226675

# name: <cell-element>
# type: matrix
# rows: 2
# columns: 18
 -0.1692146483992245 -0.1691713693088168 -0.1925148790664681 0.4397184899283846 -0.2772735666381746 -0.462785746257656 -0.3978335570347581 0.09577937363500522 0.1890693994320875 -0.04637960672605489 0.2355096307106763 -0.2823648494375267 -0.6319329209711719 -0.698390163464235 -0.349123677412341 -0.2922422084454805 0.3136792561593499 0.2287368816548828
 0.09777953803535479 -0.1303132142211835 -0.06430761426077178 -0.3803005303143449 0.2508336456539053 0.2048748198641264 0.4511891625574858 -0.7450381254870565 -0.05259317969421094 0.1676544108539266 -0.4500461278406048 0.4343944432364601 0.3300379372494601 -0.3486433391201019 0.2268755669400916 0.6344710626118569 -0.1605069801439417 -0.1489071532352135

# name: <cell-element>
# type: string
# elements: 1
# length: 9
f_sorties

# name: <cell-element>
# type: string
# elements: 1
# length: 10
df_sorties


