# Created by Octave 3.0.1, Sun Mar 22 21:17:03 2009 CET <artieres@artieres-laptop>
# name: pmc
# type: cell
# rows: 1
# columns: 3
# name: <cell-element>
# type: cell
# rows: 1
# columns: 5
# name: <cell-element>
# type: matrix
# rows: 2
# columns: 1
 0.2022460559806063
 0.3978762146749511

# name: <cell-element>
# type: matrix
# rows: 2
# columns: 1
 0.2022460559806063
 0.3978762146749511

# name: <cell-element>
# type: matrix
# rows: 2
# columns: 1
 0
 0

# name: <cell-element>
# type: string
# elements: 1
# length: 4
flin

# name: <cell-element>
# type: string
# elements: 1
# length: 5
dflin


# name: <cell-element>
# type: cell
# rows: 1
# columns: 5
# name: <cell-element>
# type: matrix
# rows: 15
# columns: 1
 -1.300113875586961
 0.07015489287077749
 -0.08108652219984437
 -1.620440539709215
 0.2966152178042556
 2.823075468000124
 0.07746488686144999
 -0.1076675999026961
 -0.9823540100173577
 0.6051523867971144
 -0.8087976463825888
 1.244614509011929
 0.4005226112452886
 -0.79454207832545
 -0.09641387460344665

# name: <cell-element>
# type: matrix
# rows: 15
# columns: 1
 -1.109668066015782
 0.07151575814648858
 -0.08264305731995009
 -1.274485987956409
 0.2993932808233256
 1.588879881738762
 0.07895733584139017
 -0.1096684370381394
 -0.9001038825691328
 0.5914880384032969
 -0.7657838386731337
 1.076469325132941
 0.400846237725407
 -0.7541491397723613
 -0.09823260040328002

# name: <cell-element>
# type: matrix
# rows: 15
# columns: 3
 -0.5034266261332087 0.03589070999505903 -2.021506677530161
 -0.2044934608080828 0.5437981505337047 0.4136125350046891
 -0.3591716817605349 -0.1432436497591659 0.7714786002028762
 -1.233486175244138 -0.123243964327255 -0.9090311498946684
 0.4150389946303487 0.1577908718496585 -0.3775659184896705
 1.879491169740812 1.822809985211314 1.445198843417279
 -0.04777619429925187 -0.04325663660517434 0.3365438685016165
 0.1011814441496903 0.06769271473464147 -0.5587795584411406
 -1.745536292415379 1.282984170197941 1.26689283718237
 1.285184060248442 -0.175221905688081 -1.619334511756866
 -0.7205377533373968 0.04768825002731152 -0.2451509820301888
 1.368762099519681 -1.362921231028633 0.3816784354192096
 0.2753738326873596 -0.4475416313187121 0.5422856902919033
 -0.9111594928660344 1.044971257129643 -0.2389270546280338
 0.2097598388974922 0.1429009662141522 -0.8417051747727338

# name: <cell-element>
# type: string
# elements: 1
# length: 5
f_ccs

# name: <cell-element>
# type: string
# elements: 1
# length: 6
df_ccs


# name: <cell-element>
# type: cell
# rows: 1
# columns: 5
# name: <cell-element>
# type: matrix
# rows: 2
# columns: 1
 0.9753444914175471
 0.03247787767639275

# name: <cell-element>
# type: matrix
# rows: 2
# columns: 1
 0.9753444914175471
 0.03247787767639275

# name: <cell-element>
# type: matrix
# rows: 2
# columns: 16
 -0.3133190558719052 -0.4421518943269443 -0.2359748763361437 -0.1449332237458067 0.737844384421898 0.3206915517420351 0.5254215918764527 0.1437174333951254 0.06355531487630217 0.454844714654057 0.3987110521483915 -0.3415313790050961 0.504478209508948 -0.2821207399457898 -0.3596428798910291 -0.2398673914249666
 0.5730687993309208 0.5227571455657525 -0.04257773812480781 0.02934962289712952 -0.5110749665585624 0.08686533984163666 -0.4814334897149176 0.2267579362339177 -0.2433314037597987 -0.3362922090518259 -0.1585501582619077 -0.8783937210176362 -0.4383315249125184 -0.3583061747346034 0.299976929722237 -0.4270765003379253

# name: <cell-element>
# type: string
# elements: 1
# length: 9
f_sorties

# name: <cell-element>
# type: string
# elements: 1
# length: 10
df_sorties


