# Created by Octave 3.0.1, Sun Mar 22 21:18:45 2009 CET <artieres@artieres-laptop>
# name: pmc
# type: cell
# rows: 1
# columns: 3
# name: <cell-element>
# type: cell
# rows: 1
# columns: 5
# name: <cell-element>
# type: matrix
# rows: 2
# columns: 1
 -0.5425266398821958
 -1.864912507952489

# name: <cell-element>
# type: matrix
# rows: 2
# columns: 1
 -0.5425266398821958
 -1.864912507952489

# name: <cell-element>
# type: matrix
# rows: 2
# columns: 1
 0
 0

# name: <cell-element>
# type: string
# elements: 1
# length: 4
flin

# name: <cell-element>
# type: string
# elements: 1
# length: 5
dflin


# name: <cell-element>
# type: cell
# rows: 1
# columns: 5
# name: <cell-element>
# type: matrix
# rows: 18
# columns: 1
 -1.516155004218247
 1.36156650256138
 -1.263615920710373
 0.6766613663069689
 1.909480658449993
 0.9453278405819023
 -1.056182303048421
 3.608345621635727
 0.7918328464126401
 0.39333012028935
 -0.5190130779949526
 1.630597636358611
 0.324267830517416
 -0.2025480047017152
 -1.015000837699553
 0.9575762009303507
 1.85562247084383
 -0.9015736902999322

# name: <cell-element>
# type: matrix
# rows: 18
# columns: 1
 -1.225674283094204
 1.144781495740842
 -1.087995792303381
 0.6546161916718836
 1.387745176332186
 0.8726058366987971
 -0.9530219129294782
 1.655812826822219
 0.7519279532296169
 0.3939107673267568
 -0.5129194540317337
 1.279002598536578
 0.326641996835797
 -0.2055878339193335
 -0.9238193453889427
 0.8817727478300263
 1.368927774517508
 -0.8392940272815452

# name: <cell-element>
# type: matrix
# rows: 18
# columns: 3
 -0.5887448593922472 0.3395903278556437 0.3984789342159608
 0.3404376072439101 0.2796915040541298 -0.6295533683263574
 -0.6221939839908976 0.2266353915760513 0.2779667666416125
 0.1265095251210117 -0.3136145176334605 -0.2039046080010306
 -0.27389145982296 -0.2217223343647026 -1.106324885751488
 0.6019985896066539 0.5807175407145675 -0.3543629796248748
 0.07357632999090222 0.1056593378565472 0.575765312391439
 -0.3463707317983956 -0.1760862491510923 -2.069190028535902
 -0.4592828162798721 0.1452586884913383 -0.7148086714121078
 -0.4571998097772846 -0.0731870125026519 -0.4364537928452777
 -1.053907989889421 1.138964151076288 -0.6156337147147356
 0.3888802315334711 -1.515177289658184 -0.2252203355108456
 0.6507974487170323 -0.1136053196820444 0.2096356396222087
 0.9395992867814228 -0.03399419298757025 0.6262528893570356
 -0.4601343844589443 -0.1064240656351737 0.3287157252345295
 -1.38541808931103 -1.3550986651621 -0.8593312236210044
 -1.619492796942183 0.6671834320872816 -2.057052744448512
 -0.9148700091996438 1.035256910943983 -0.3070079244169551

# name: <cell-element>
# type: string
# elements: 1
# length: 5
f_ccs

# name: <cell-element>
# type: string
# elements: 1
# length: 6
df_ccs


# name: <cell-element>
# type: cell
# rows: 1
# columns: 5
# name: <cell-element>
# type: matrix
# rows: 2
# columns: 1
 -0.06992736463270458
 1.079991792694149

# name: <cell-element>
# type: matrix
# rows: 2
# columns: 1
 -0.06992736463270458
 1.079991792694149

# name: <cell-element>
# type: matrix
# rows: 2
# columns: 19
 -0.1781065789727576 -0.01259877754138418 0.2093062973207903 -0.139109436588292 0.3191945882783661 -0.2019909577536718 0.3039095541064146 -0.0146379884997735 -0.3684878930609519 -0.02620136183048033 0.1998844639250706 -0.5381778884692786 0.0907688849488905 -0.4999457068331025 -0.6161460383480251 -0.340210419881723 -0.5129924756860692 -0.1141429802733805 -0.01023226705766845
 0.863710281545399 -0.02053342023023844 -0.1177071933871196 -0.1377685829168126 0.236207067662638 -0.2281962615399593 -0.1942914497501057 0.2514822985666216 0.541173361572393 -0.5560553287334743 -0.2764714682208448 0.2374972850145336 -0.02549702071832596 -0.04309445580635927 0.4744181860590623 -0.2133479523229043 0.5266222868470563 0.2288340727184225 0.4274297250454582

# name: <cell-element>
# type: string
# elements: 1
# length: 9
f_sorties

# name: <cell-element>
# type: string
# elements: 1
# length: 10
df_sorties


