# Created by Octave 3.0.1, Sun Mar 22 21:16:14 2009 CET <artieres@artieres-laptop>
# name: pmc
# type: cell
# rows: 1
# columns: 3
# name: <cell-element>
# type: cell
# rows: 1
# columns: 5
# name: <cell-element>
# type: matrix
# rows: 2
# columns: 1
 -0.2306473667021993
 0.008455791658955204

# name: <cell-element>
# type: matrix
# rows: 2
# columns: 1
 -0.2306473667021993
 0.008455791658955204

# name: <cell-element>
# type: matrix
# rows: 2
# columns: 1
 0
 0

# name: <cell-element>
# type: string
# elements: 1
# length: 4
flin

# name: <cell-element>
# type: string
# elements: 1
# length: 5
dflin


# name: <cell-element>
# type: cell
# rows: 1
# columns: 5
# name: <cell-element>
# type: matrix
# rows: 14
# columns: 1
 -0.7355574241567979
 -0.2449071553292769
 -0.830681160495675
 1.361715091460843
 0.6880387453601121
 1.167688837662443
 0.5002027269113777
 -0.3315509027234926
 1.398204303296556
 -0.4082399504064606
 -0.7275697289903434
 -0.1060136615409408
 -0.2653018280032044
 0.8135821066229799

# name: <cell-element>
# type: matrix
# rows: 14
# columns: 1
 -0.7050749291545612
 -0.2480227090984487
 -0.7834700922619426
 1.144864323415245
 0.6644743006974556
 1.028086764455083
 0.495420667809241
 -0.3337904238738675
 1.164904547042628
 -0.408272114343432
 -0.6983156001112569
 -0.1079883336769313
 -0.2683451849797758
 0.7696686973953519

# name: <cell-element>
# type: matrix
# rows: 14
# columns: 3
 -0.6154203681290408 0.5505729263206577 0.8518616141744789
 -0.2566672329470194 -0.1149853965701521 -2.081654251217752
 -0.5916254937993838 1.013451389636908 -0.8134326638215383
 1.127087527319291 -1.010925063042784 0.2931872669184882
 0.5667418920156829 -0.4964514599213579 0.8116414943374599
 1.145935192410381 -0.06235911905850378 0.6657741833694684
 0.4874344106143621 -0.03868982629577857 0.3288304408758569
 -0.4004692174905219 -0.2709752460465182 0.6999254260698433
 1.690020952046735 1.277629404423229 0.5453069943657446
 -0.4236838476104655 -0.04443125880244576 0.5544810876364104
 -0.7104167478136463 0.05582045864928276 -0.3591265437566954
 -0.01099344335084462 0.3991559672192243 -0.3687567138465657
 -0.2371160025790924 0.1240354252066806 0.04489863627286968
 0.9034877927271835 0.3283595933566809 -1.486046335738842

# name: <cell-element>
# type: string
# elements: 1
# length: 5
f_ccs

# name: <cell-element>
# type: string
# elements: 1
# length: 6
df_ccs


# name: <cell-element>
# type: cell
# rows: 1
# columns: 5
# name: <cell-element>
# type: matrix
# rows: 2
# columns: 1
 0.8662321507862705
 0.1375487994173929

# name: <cell-element>
# type: matrix
# rows: 2
# columns: 1
 0.8662321507862705
 0.1375487994173929

# name: <cell-element>
# type: matrix
# rows: 2
# columns: 15
 -0.4094930457877578 0.0710046774916213 -0.5420577301839383 -0.2924016513266751 0.435867369516153 0.02806657626625665 -0.567695392582646 -0.04083042036913802 -0.1810934483660939 0.6103322868302113 -0.2271198257679076 0.05487811663889357 -0.07917983842806313 0.1373052312174548 0.3514710013881145
 0.9487343278252361 -0.08522987070607117 0.5509370754630344 0.4601162423020751 -0.2733139947720246 -0.007230764563794618 0.4612036416596059 0.3892639331927691 0.01850435245268967 -0.6330814328049283 -0.01914052283637542 -0.4972532099436492 -0.01606543497019728 0.1511875406777069 -0.4107502403679057

# name: <cell-element>
# type: string
# elements: 1
# length: 9
f_sorties

# name: <cell-element>
# type: string
# elements: 1
# length: 10
df_sorties


