# Created by Octave 3.0.1, Sun Mar 22 21:17:53 2009 CET <artieres@artieres-laptop>
# name: pmc
# type: cell
# rows: 1
# columns: 3
# name: <cell-element>
# type: cell
# rows: 1
# columns: 5
# name: <cell-element>
# type: matrix
# rows: 2
# columns: 1
 1.982974785231937
 0.9182359358821651

# name: <cell-element>
# type: matrix
# rows: 2
# columns: 1
 1.982974785231937
 0.9182359358821651

# name: <cell-element>
# type: matrix
# rows: 2
# columns: 1
 0
 0

# name: <cell-element>
# type: string
# elements: 1
# length: 4
flin

# name: <cell-element>
# type: string
# elements: 1
# length: 5
dflin


# name: <cell-element>
# type: cell
# rows: 1
# columns: 5
# name: <cell-element>
# type: matrix
# rows: 16
# columns: 1
 1.01915670791093
 -4.425200022713478
 0.1069031272539067
 1.925895344938624
 1.123239078659112
 -1.676708451140646
 -0.4911709910602322
 0.3091434166216573
 0.1832078646099221
 0.9710571624736851
 1.263658434517065
 1.304765641622321
 0.8901255653807502
 -3.073396480965287
 -0.7720419733912811
 -0.4913684686465869

# name: <cell-element>
# type: matrix
# rows: 16
# columns: 1
 0.926802474588901
 -1.683284070817111
 0.1088918971092638
 1.393286250009479
 0.9988654183404521
 -1.29899200262151
 -0.4869774333183821
 0.3117590939133446
 0.1861229563526082
 0.8917816735203461
 1.088021394177303
 1.11238625631617
 0.8304332276352226
 -1.617008125012175
 -0.7356055977067969
 -0.4871623255137928

# name: <cell-element>
# type: matrix
# rows: 16
# columns: 3
 0.2225922838194501 0.1680363994071891 0.5052947725680073
 -0.9309880589471483 -1.087607672695846 -1.456489006214336
 -0.4445873199246235 -0.09003953975106416 0.7986102951907874
 0.8142309718637365 0.6091536808632531 -0.1064825076326503
 0.3006115846820261 0.4323617269040008 -0.04015809476860418
 -0.4136310632391875 0.3139800530498967 -2.049279751833097
 -0.2302981989356625 -0.1271704431483255 -0.01078607602081107
 0.1112379172801009 -0.05728120891464079 0.3423139833176171
 -0.5683334344813576 -0.1285790824480869 1.100106411167018
 -0.01425421518582647 0.3881936129372419 0.2353857271901867
 -0.9515030196852478 1.258977068917726 -0.2964845774343458
 0.85313366495993 0.00442029755813521 0.4874097993941578
 0.6414462112482857 -0.03795873309543841 0.3586189277348246
 -1.099209219951653 -0.8859761603013475 -0.2358039397180663
 0.1784312328949177 -0.2952649780630088 -0.3958900827849818
 -0.3201335733520567 -0.01581025105199173 -0.1553128892169467

# name: <cell-element>
# type: string
# elements: 1
# length: 5
f_ccs

# name: <cell-element>
# type: string
# elements: 1
# length: 6
df_ccs


# name: <cell-element>
# type: cell
# rows: 1
# columns: 5
# name: <cell-element>
# type: matrix
# rows: 2
# columns: 1
 0.1088102666019793
 0.8955041194533047

# name: <cell-element>
# type: matrix
# rows: 2
# columns: 1
 0.1088102666019793
 0.8955041194533047

# name: <cell-element>
# type: matrix
# rows: 2
# columns: 17
 -0.4641523226050951 0.1250395423410449 -0.2366175351138478 -0.2929517223112224 0.1697946103584506 0.3241360507480844 -0.3913908327154469 -0.02463297320920304 -0.1873044781166175 -0.05233576109184813 -0.2496879569915714 -0.6689603904371325 -0.3239306858751861 -0.1212205746407534 -0.3506779502580668 -0.04238172534844409 0.2933967691190407
 1.10739929403178 0.2121778560652794 0.2521264605409744 -0.01629947365635314 -0.2191038387423198 0.0551446783037747 0.423255719550882 -0.1428716489904767 0.06309059530761109 0.2697532243151033 -0.1830726905750651 0.6610159978934164 0.38608942672494 0.4925341633131455 0.3599943156260006 0.1092241940535449 0.04284336052224412

# name: <cell-element>
# type: string
# elements: 1
# length: 9
f_sorties

# name: <cell-element>
# type: string
# elements: 1
# length: 10
df_sorties


