# Created by Octave 3.0.1, Sun Mar 22 22:14:21 2009 CET <artieres@artieres-laptop>
# name: pmc
# type: cell
# rows: 1
# columns: 5
# name: <cell-element>
# type: cell
# rows: 1
# columns: 5
# name: <cell-element>
# type: matrix
# rows: 2
# columns: 1
 0.9180484110857283
 -1.138169010140927

# name: <cell-element>
# type: matrix
# rows: 2
# columns: 1
 0.9180484110857283
 -1.138169010140927

# name: <cell-element>
# type: matrix
# rows: 2
# columns: 1
 0
 0

# name: <cell-element>
# type: string
# elements: 1
# length: 4
flin

# name: <cell-element>
# type: string
# elements: 1
# length: 5
dflin


# name: <cell-element>
# type: cell
# rows: 1
# columns: 5
# name: <cell-element>
# type: matrix
# rows: 10
# columns: 1
 -1.869398847795269
 1.147858081149054
 -1.821350973049648
 2.415940539722932
 -1.005486745276057
 0.3350445782867124
 -1.317484544956377
 -2.251934492102128
 -0.390309022591915
 0.4616293607927624

# name: <cell-element>
# type: matrix
# rows: 10
# columns: 1
 -1.373835223805139
 1.01516479585061
 -1.356432840175397
 1.522531376581137
 -0.9169595521020625
 0.337215175468478
 -1.119767801002185
 -1.486355848998357
 -0.3909934740514013
 0.4591793415158436

# name: <cell-element>
# type: matrix
# rows: 10
# columns: 3
 -0.7134014441142863 -0.2184809605433846 0.8394375797683709
 -0.5446299856031633 -0.8483048386594977 -2.171274212586231
 0.2303767850031948 -0.004342922691576853 1.799153054961778
 -0.0246362620409764 0.9509261550927151 -1.377282215433241
 0.2405025623093875 0.9957871416215027 1.897930428827763
 0.005472422780727131 -0.8323471636412184 -0.960929938570799
 -0.5863987754610001 -0.3234005376789557 0.3814764613861248
 -1.498250496056389 -1.826300590672594 -0.8109033073128392
 -2.297183460558788 1.931036103643857 -0.1177999383517904
 -0.5779395015570044 -0.05307319216019645 -0.9561900715889515

# name: <cell-element>
# type: string
# elements: 1
# length: 5
f_ccs

# name: <cell-element>
# type: string
# elements: 1
# length: 6
df_ccs


# name: <cell-element>
# type: cell
# rows: 1
# columns: 5
# name: <cell-element>
# type: matrix
# rows: 5
# columns: 1
 -2.831645874562005
 -3.940747148044867
 3.553837822713607
 1.311740921435649
 -3.7448819444907

# name: <cell-element>
# type: matrix
# rows: 5
# columns: 1
 -1.589980048142014
 -1.670220008908733
 1.652867357900092
 1.116443589169588
 -1.662416807259451

# name: <cell-element>
# type: matrix
# rows: 5
# columns: 11
 -0.5758944703640665 0.3829045097535557 -0.1368922700979638 0.675949362445798 -0.6652643706692267 0.1175350758326125 -0.6300312838804157 0.2064511427272975 -0.760057101376741 -0.3417349849267989 -0.8120548879471648
 0.0950558191361021 0.2150293169423472 -1.197076313545466 0.4378776179184485 -0.7158475337155805 0.7607596157259645 0.15376383805729 0.4289172089007545 0.4813575172304579 -1.642247335420981 0.7798305481885467
 -0.1970086248717615 -0.1399943960952261 0.3024442494676767 -0.4276364005475017 -0.1685135800239201 -0.1956769769878529 0.06334457068223313 -0.5424511006544924 -1.088238803544285 -0.9787800430896362 0.2604309885176642
 -0.237549775951836 -0.1112397422927396 0.6275820343617315 -0.01911912374702157 -0.01538172151306187 0.3047642301765326 -0.2944725254158174 0.4546853775383544 -0.6525356180351504 -0.5256782721066763 1.022197887818086
 0.2086067134340805 0.9215116562735942 0.6300999932875956 0.5190529550710901 -0.4675618125036463 -0.4479828632693985 0.3953579015274965 0.3985787268613636 0.8804815191416642 1.14454801102407 -0.5504917455555514

# name: <cell-element>
# type: string
# elements: 1
# length: 5
f_ccs

# name: <cell-element>
# type: string
# elements: 1
# length: 6
df_ccs


# name: <cell-element>
# type: cell
# rows: 1
# columns: 5
# name: <cell-element>
# type: matrix
# rows: 2
# columns: 1
 -1.46046368620273
 -0.6945702468492911

# name: <cell-element>
# type: matrix
# rows: 2
# columns: 1
 -1.197734835609772
 -0.6701099490767037

# name: <cell-element>
# type: matrix
# rows: 2
# columns: 6
 -1.901186920419014 0.9803035254429524 1.543216960568263 0.907205794150438 0.8859653086339755 -1.256235637768099
 -0.6856190510794075 0.008462925348022246 0.005736911981469079 0.002202730946743677 0.01177468899213036 0.001410823537851655

# name: <cell-element>
# type: string
# elements: 1
# length: 5
f_ccs

# name: <cell-element>
# type: string
# elements: 1
# length: 6
df_ccs


# name: <cell-element>
# type: cell
# rows: 1
# columns: 5
# name: <cell-element>
# type: matrix
# rows: 2
# columns: 1
 0.0003638298765802971
 1.003243157764822

# name: <cell-element>
# type: matrix
# rows: 2
# columns: 1
 0.0003638298765802971
 1.003243157764822

# name: <cell-element>
# type: matrix
# rows: 2
# columns: 3
 -0.02878641573514058 0.3597455334454033 -0.686473628358431
 0.2387834636986768 -0.3494650517376781 -0.5159451139907506

# name: <cell-element>
# type: string
# elements: 1
# length: 9
f_sorties

# name: <cell-element>
# type: string
# elements: 1
# length: 10
df_sorties


