# Created by Octave 3.0.1, Sun Mar 22 22:21:12 2009 CET <artieres@artieres-laptop>
# name: pmc
# type: cell
# rows: 1
# columns: 5
# name: <cell-element>
# type: cell
# rows: 1
# columns: 5
# name: <cell-element>
# type: matrix
# rows: 2
# columns: 1
 2.192497454029657
 1.491946899098323

# name: <cell-element>
# type: matrix
# rows: 2
# columns: 1
 2.192497454029657
 1.491946899098323

# name: <cell-element>
# type: matrix
# rows: 2
# columns: 1
 0
 0

# name: <cell-element>
# type: string
# elements: 1
# length: 4
flin

# name: <cell-element>
# type: string
# elements: 1
# length: 5
dflin


# name: <cell-element>
# type: cell
# rows: 1
# columns: 5
# name: <cell-element>
# type: matrix
# rows: 10
# columns: 1
 0.8899286683615466
 3.607000087288396
 -3.786181227638018
 -2.034775073888059
 0.4455167472780189
 1.252818743039786
 1.345471582911359
 3.29361568594678
 -2.189197422287746
 2.972448244025722

# name: <cell-element>
# type: matrix
# rows: 10
# columns: 1
 0.8302803076138522
 1.655742352224167
 -1.664214870875955
 -1.427845575247632
 0.4439041020890024
 1.081466631425786
 1.135750745328232
 1.6359179467804
 -1.470777061639168
 1.606613940951096

# name: <cell-element>
# type: matrix
# rows: 10
# columns: 3
 0.02940602849754115 0.142286588864164 0.3676042204305667
 -0.2777092740865452 1.053539797408854 1.055558263234117
 0.04708568973496829 -1.011191169319293 -1.083302216098187
 0.6264163650196306 -0.8449819347548965 -0.5419295218432674
 0.03428821363967453 0.01699393961003617 0.2506141185139694
 1.040505170640018 -0.7198174276313781 1.200129689099247
 -0.9885154651906952 1.103110062392454 -0.0567350041337665
 0.6640171555418111 0.0007440659425517316 1.761439139990357
 -1.212926943382199 -0.2279350314472537 -0.3193826368309649
 1.552829161894575 0.9359911256289771 -0.4239672921674349

# name: <cell-element>
# type: string
# elements: 1
# length: 5
f_ccs

# name: <cell-element>
# type: string
# elements: 1
# length: 6
df_ccs


# name: <cell-element>
# type: cell
# rows: 1
# columns: 5
# name: <cell-element>
# type: matrix
# rows: 5
# columns: 1
 -4.446595206473273
 -0.6146082590305337
 0.642182294655342
 -0.8460144266128726
 0.9956352106623353

# name: <cell-element>
# type: matrix
# rows: 5
# columns: 1
 -1.683705746253644
 -0.5999486312259518
 0.6244260730272411
 -0.7957358077914415
 0.9098118044247427

# name: <cell-element>
# type: matrix
# rows: 5
# columns: 11
 -0.7442850610359867 0.2177577190591455 -0.7001477608930819 0.2646224774477723 -0.2558294302487557 0.03463549000333477 0.1150082036162684 -0.2782060985864879 -0.6473769860865075 -0.3348300268277475 -1.186303909635988
 0.132066590439677 -0.1410595647458842 -0.4895988628991221 0.1897377050425306 -0.1464277019635712 0.1196199605446991 -0.1889992696702094 0.6284386335412555 -0.5048647234134847 -0.38878898626396 -0.0128453516516609
 -0.3339594424949747 0.3632758877951124 0.2735944017920728 0.1656207997280446 -0.4240894666472033 0.0863570397648081 -0.5250745716146693 0.7162675976902908 0.1071627851001248 0.3370265546979193 -0.04493751948365801
 -0.5825113048751184 -0.349786831508982 0.6430920762922959 0.3311894535354383 0.2173231766231575 -0.1599178571289473 -0.1083613464597004 -0.08160725595368318 0.3165346004340835 0.2462841830576435 -0.03133972960260684
 0.2926770999733176 0.06126106577732444 -0.09490180147041713 0.09855158473468464 -0.3522530492377131 0.1070499169055399 -0.2371154428100229 0.2154736729244985 0.338096755059948 -0.3297288747728636 -0.3757920366246675

# name: <cell-element>
# type: string
# elements: 1
# length: 5
f_ccs

# name: <cell-element>
# type: string
# elements: 1
# length: 6
df_ccs


# name: <cell-element>
# type: cell
# rows: 1
# columns: 5
# name: <cell-element>
# type: matrix
# rows: 2
# columns: 1
 0.1131430767728198
 0.4345147638731029

# name: <cell-element>
# type: matrix
# rows: 2
# columns: 1
 0.1152289822035346
 0.4334293346693467

# name: <cell-element>
# type: matrix
# rows: 2
# columns: 6
 0.5082181728597428 0.8370128099932851 0.4837271765098833 0.6610470755267507 -0.5332551022440842 0.5135193168560638
 0.1657335274406479 0.008605130335254752 -0.03775342032154073 0.001996404714436638 -0.3067795477828108 0.01587356937408354

# name: <cell-element>
# type: string
# elements: 1
# length: 5
f_ccs

# name: <cell-element>
# type: string
# elements: 1
# length: 6
df_ccs


# name: <cell-element>
# type: cell
# rows: 1
# columns: 5
# name: <cell-element>
# type: matrix
# rows: 2
# columns: 1
 0.03139980477328356
 1.048652746710686

# name: <cell-element>
# type: matrix
# rows: 2
# columns: 1
 0.03139980477328356
 1.048652746710686

# name: <cell-element>
# type: matrix
# rows: 2
# columns: 3
 -0.5109391016525424 -0.7469253768931382 1.449704701042345
 0.6041199146931477 0.7037044391091009 0.8383140672390268

# name: <cell-element>
# type: string
# elements: 1
# length: 9
f_sorties

# name: <cell-element>
# type: string
# elements: 1
# length: 10
df_sorties


