# Created by Octave 3.0.1, Sun Mar 22 21:14:40 2009 CET <artieres@artieres-laptop>
# name: pmc
# type: cell
# rows: 1
# columns: 3
# name: <cell-element>
# type: cell
# rows: 1
# columns: 5
# name: <cell-element>
# type: matrix
# rows: 2
# columns: 1
 0.264843794453329
 -1.72070854111986

# name: <cell-element>
# type: matrix
# rows: 2
# columns: 1
 0.264843794453329
 -1.72070854111986

# name: <cell-element>
# type: matrix
# rows: 2
# columns: 1
 0
 0

# name: <cell-element>
# type: string
# elements: 1
# length: 4
flin

# name: <cell-element>
# type: string
# elements: 1
# length: 5
dflin


# name: <cell-element>
# type: cell
# rows: 1
# columns: 5
# name: <cell-element>
# type: matrix
# rows: 12
# columns: 1
 0.1276116475869566
 3.118716886918955
 -2.715107693394396
 0.292095753359361
 0.6140667869803382
 -2.364970668562592
 -0.9129710741978838
 -1.022303451119588
 2.125387680617578
 1.955958322466817
 -0.6021854784875746
 -0.2447943752567185

# name: <cell-element>
# type: matrix
# rows: 12
# columns: 1
 0.12991011352746
 1.62129937483783
 -1.574078038560265
 0.2949242831895761
 0.5994650613299398
 -1.5119569599729
 -0.848056058442155
 -0.9290558533193757
 1.45385619112934
 1.403205250403994
 -0.5888264981002328
 -0.2479101209116619

# name: <cell-element>
# type: matrix
# rows: 12
# columns: 3
 -1.407609194143055 0.2726072105622284 -0.8502214369937554
 -0.4761585066803396 -0.150595084933782 -2.112366814789929
 -0.5624903094121777 -0.2865207564204284 1.206899530314832
 0.7058787458423587 -0.1328396841744158 0.2200146022948794
 1.378711809374076 -1.161683555010566 0.2656008615910832
 0.3327545622602268 -0.4863034207962548 1.492954056612103
 -1.428813646712899 -1.145197446100008 -0.4760991151193571
 -1.439006405399256 0.111356685955516 -0.2249643943867662
 0.006929075067907007 0.1062501621361093 -1.214798734242132
 0.6952972025342409 -0.2168147875305206 -0.7660114776881592
 0.8199941460323747 -1.155259582069933 0.6487405191038547
 -1.235819864552973 -0.03274407586204402 -0.5809389103717786

# name: <cell-element>
# type: string
# elements: 1
# length: 5
f_ccs

# name: <cell-element>
# type: string
# elements: 1
# length: 6
df_ccs


# name: <cell-element>
# type: cell
# rows: 1
# columns: 5
# name: <cell-element>
# type: matrix
# rows: 2
# columns: 1
 5.126063205569531e-05
 0.9975476286226974

# name: <cell-element>
# type: matrix
# rows: 2
# columns: 1
 5.126063205569531e-05
 0.9975476286226974

# name: <cell-element>
# type: matrix
# rows: 2
# columns: 13
 0.247193372827973 0.1501663945233163 -0.4334450454107205 -0.4541596913447994 -0.3477507457454792 0.2314308003071788 0.1399038486439901 -0.6121971221447345 0.2365802266635126 -0.07355377903281338 0.06992778394047494 0.4498815585495294 0.5208125332881594
 0.2717106296530494 -0.2044028726816327 0.4593658107847925 0.4258966366975216 0.1024144015645176 -0.2434108133475085 -0.1987333659995549 0.5950586106589854 -0.840183816841239 -0.0866888746123633 -0.009676041940415894 -0.4512357667000285 -0.3707722565504944

# name: <cell-element>
# type: string
# elements: 1
# length: 9
f_sorties

# name: <cell-element>
# type: string
# elements: 1
# length: 10
df_sorties


