# Created by Octave 3.0.1, Sun Mar 22 21:14:01 2009 CET <artieres@artieres-laptop>
# name: pmc
# type: cell
# rows: 1
# columns: 3
# name: <cell-element>
# type: cell
# rows: 1
# columns: 5
# name: <cell-element>
# type: matrix
# rows: 2
# columns: 1
 0.09074080440558341
 0.1658753130017125

# name: <cell-element>
# type: matrix
# rows: 2
# columns: 1
 0.09074080440558341
 0.1658753130017125

# name: <cell-element>
# type: matrix
# rows: 2
# columns: 1
 0
 0

# name: <cell-element>
# type: string
# elements: 1
# length: 4
flin

# name: <cell-element>
# type: string
# elements: 1
# length: 5
dflin


# name: <cell-element>
# type: cell
# rows: 1
# columns: 5
# name: <cell-element>
# type: matrix
# rows: 11
# columns: 1
 -0.4404984390658701
 -1.053265162315697
 -2.295661214215931
 -1.573250622938922
 -0.4430912938194613
 0.5717671346580077
 0.6523765959214609
 -0.4781253013773309
 1.742983072655707
 -0.1948841067198047
 -0.7791140085479588

# name: <cell-element>
# type: matrix
# rows: 11
# columns: 1
 -0.4391306992373957
 -0.9509795434619868
 -1.496623886751157
 -1.252954365311846
 -0.4415979487328913
 0.5613514628840129
 0.6334011001116433
 -0.4747355413483925
 1.326279041874586
 -0.19788075291407
 -0.7414576623413732

# name: <cell-element>
# type: matrix
# rows: 11
# columns: 3
 -0.602170847175711 -0.2358095362711547 1.11112609221335
 -0.6815402863799263 0.01703309395477803 -2.244364704358289
 -2.105353105259121 -1.511341838369642 -0.3176983073670634
 -1.55339188279708 0.1138214977552265 -0.1858624230912791
 -0.4385635292237151 -0.004586736524799789 -0.02683867099885493
 0.676780584496013 -0.3519255996671773 -0.4418569917497689
 0.6587618881760805 -1.14324942453347 0.5836517391270983
 -0.4407247808186111 -0.3664636646466737 -0.0241848015478218
 1.836742638664933 -1.219807541181842 0.09839110261557904
 -0.4615317134303987 0.4657309313759774 1.349389089957759
 -0.8136581181025583 0.6679396855033674 -0.1553523179855425

# name: <cell-element>
# type: string
# elements: 1
# length: 5
f_ccs

# name: <cell-element>
# type: string
# elements: 1
# length: 6
df_ccs


# name: <cell-element>
# type: cell
# rows: 1
# columns: 5
# name: <cell-element>
# type: matrix
# rows: 2
# columns: 1
 1.096242784469514
 -0.09867258903224242

# name: <cell-element>
# type: matrix
# rows: 2
# columns: 1
 1.096242784469514
 -0.09867258903224242

# name: <cell-element>
# type: matrix
# rows: 2
# columns: 12
 -0.9682950548009515 -0.335000354464858 -0.3754784194478835 -0.505067790191534 0.2798278770146536 -0.298382394657499 0.1857384776023148 0.1668228837737879 -0.3419083324065099 0.4109675167822785 0.1590125112084273 -0.1632542962096561
 1.038611756303017 0.372353195310247 0.387984492146934 0.6039473330817512 -0.4746837321858856 -0.4852657324393632 0.05646955688314565 -0.1665573871700583 -0.2574680923790053 -0.4122530913050889 -0.1434457719688214 0.03127835362823603

# name: <cell-element>
# type: string
# elements: 1
# length: 9
f_sorties

# name: <cell-element>
# type: string
# elements: 1
# length: 10
df_sorties


