# Created by Octave 3.0.1, Sun Mar 22 21:13:01 2009 CET <artieres@artieres-laptop>
# name: pmc
# type: cell
# rows: 1
# columns: 3
# name: <cell-element>
# type: cell
# rows: 1
# columns: 5
# name: <cell-element>
# type: matrix
# rows: 2
# columns: 1
 -0.8937047657887427
 -0.7004564728003939

# name: <cell-element>
# type: matrix
# rows: 2
# columns: 1
 -0.8937047657887427
 -0.7004564728003939

# name: <cell-element>
# type: matrix
# rows: 2
# columns: 1
 0
 0

# name: <cell-element>
# type: string
# elements: 1
# length: 4
flin

# name: <cell-element>
# type: string
# elements: 1
# length: 5
dflin


# name: <cell-element>
# type: cell
# rows: 1
# columns: 5
# name: <cell-element>
# type: matrix
# rows: 10
# columns: 1
 -0.2569530534616693
 1.140983924889933
 0.9690233834349385
 -0.9970056897619979
 0.9560942908873511
 0.2973488613713909
 0.8198699147418327
 -1.169649228629297
 0.3663996191010001
 2.445871050577437

# name: <cell-element>
# type: matrix
# rows: 10
# columns: 1
 -0.2600351175979614
 1.010642359083386
 0.8902771080849646
 -0.9108088690235574
 0.8806673557537507
 0.300118331199364
 0.7747588958057223
 -1.029354145993748
 0.3678210766092847
 1.528476485509873

# name: <cell-element>
# type: matrix
# rows: 10
# columns: 3
 0.4228124719039869 0.3961862390970127 0.4639543726343425
 -0.124945418889449 -1.325105898081797 -0.1145158339969335
 -0.4524411457622638 0.3114685486365394 -2.43030662780702
 0.7196778321902526 1.079892719356406 1.076124411681768
 0.1415674738949542 -0.5093224819520838 -0.5138173843616884
 1.204300159956265 0.9549724760857592 0.08368851364813806
 0.6250242316465259 -0.378276225650902 0.2033649514605274
 -0.5112736095557356 -0.1873951930120959 1.176237646621878
 0.1108088342257455 0.1535314038760599 -0.5580717657103775
 1.459943491876496 -1.245328832830816 0.1826889523943306

# name: <cell-element>
# type: string
# elements: 1
# length: 5
f_ccs

# name: <cell-element>
# type: string
# elements: 1
# length: 6
df_ccs


# name: <cell-element>
# type: cell
# rows: 1
# columns: 5
# name: <cell-element>
# type: matrix
# rows: 2
# columns: 1
 0.1077977440991428
 0.8934646506245483

# name: <cell-element>
# type: matrix
# rows: 2
# columns: 1
 0.1077977440991428
 0.8934646506245483

# name: <cell-element>
# type: matrix
# rows: 2
# columns: 11
 -0.9559992981192421 0.20418827452893 0.2309422394772985 -0.3804853432229081 0.2955723859549185 -0.03374136017215689 0.5360531003111974 0.07340016408869289 -0.2691546491482048 0.5039197734796144 0.5390857238198242
 1.622726435991541 0.367250735564293 -0.2638256815863608 0.3817075202254484 -0.3885884542147731 0.1401445089726076 -0.6308072085163448 0.293668642009689 0.4055812538172924 0.06999997415150426 -0.5325243174799977

# name: <cell-element>
# type: string
# elements: 1
# length: 9
f_sorties

# name: <cell-element>
# type: string
# elements: 1
# length: 10
df_sorties


