# Created by Octave 3.0.1, Sun Mar 22 21:15:12 2009 CET <artieres@artieres-laptop>
# name: pmc
# type: cell
# rows: 1
# columns: 3
# name: <cell-element>
# type: cell
# rows: 1
# columns: 5
# name: <cell-element>
# type: matrix
# rows: 2
# columns: 1
 -1.103965998495196
 -0.7282862051480131

# name: <cell-element>
# type: matrix
# rows: 2
# columns: 1
 -1.103965998495196
 -0.7282862051480131

# name: <cell-element>
# type: matrix
# rows: 2
# columns: 1
 0
 0

# name: <cell-element>
# type: string
# elements: 1
# length: 4
flin

# name: <cell-element>
# type: string
# elements: 1
# length: 5
dflin


# name: <cell-element>
# type: cell
# rows: 1
# columns: 5
# name: <cell-element>
# type: matrix
# rows: 13
# columns: 1
 0.7155555872490416
 -1.133266354625005
 -0.5414028152585115
 0.9641520120235352
 -1.408096252634631
 -0.9762151956484718
 -1.491897103034561
 -0.3883378992461839
 -0.26168549787101
 -1.058173676408485
 -2.266794291493853
 1.249922327741388
 0.6605777144928303

# name: <cell-element>
# type: matrix
# rows: 13
# columns: 1
 0.6880988526878296
 -1.00553855713459
 -0.5335929711192261
 0.8866655030904285
 -1.170234923175313
 -0.8955888910442817
 -1.21366799765057
 -0.3890887653492806
 -0.2647472105689552
 -0.9544138279220582
 -1.489898405380133
 1.079705952728807
 0.6405917302366236

# name: <cell-element>
# type: matrix
# rows: 13
# columns: 3
 0.3918242441413064 0.2073499406598523 -0.7582743214929893
 0.1810557606798656 0.8710001665988311 0.4844979575282043
 -0.2604965225935625 0.166740475772337 0.1328510665331218
 0.7272394656154787 0.2956425656643457 -0.7729091372931784
 -0.4244090184911276 0.5064913842420563 0.5827913219840279
 0.5866357053951318 0.09917609709284771 1.996571463987779
 -1.743156413342827 0.04142893926359063 -0.4066991716701932
 1.05661785633364 1.041936776339662 0.406235057338366
 -0.1702698260206973 -0.2109467823339314 0.4445898902714367
 -0.6087076314203306 0.6079328754423332 -0.3044065460617025
 -1.115850089416859 1.211002839263258 -0.2556894286392855
 0.6813255251776829 -0.7651981630593623 0.3794016331016055
 0.432027538754183 -0.6134264098899956 0.6163544957701992

# name: <cell-element>
# type: string
# elements: 1
# length: 5
f_ccs

# name: <cell-element>
# type: string
# elements: 1
# length: 6
df_ccs


# name: <cell-element>
# type: cell
# rows: 1
# columns: 5
# name: <cell-element>
# type: matrix
# rows: 2
# columns: 1
 0.01751755429658281
 0.9787658319047339

# name: <cell-element>
# type: matrix
# rows: 2
# columns: 1
 0.01751755429658281
 0.9787658319047339

# name: <cell-element>
# type: matrix
# rows: 2
# columns: 14
 -0.3331918188442365 0.03397436160781476 0.1513780045287674 0.2417119713306063 0.4116820812209366 -0.2133485241854207 0.4692485356928632 0.4421026366622611 0.5126882876541105 -0.2067966524026059 -0.2087668796450876 -0.5928130116144867 0.09724949915946116 -0.1500865377458704
 0.5569381032423766 -0.39117577634396 0.008037669873528851 0.274252067065869 -0.1356712796678348 -0.01071165602226583 -0.4821408741647054 -1.078740734358614 -0.6591298365390692 0.285714894645042 -0.1420837060244998 0.4733239135958026 -0.1511495010371755 -0.360565612684356

# name: <cell-element>
# type: string
# elements: 1
# length: 9
f_sorties

# name: <cell-element>
# type: string
# elements: 1
# length: 10
df_sorties


