# Created by Octave 3.0.1, Sun Mar 22 22:17:33 2009 CET <artieres@artieres-laptop>
# name: Results
# type: matrix
# rows: 3
# columns: 2
 0.02666666666666662 0.04000000000000004
 0.03000000000000003 0.05000000000000004
 0.04000000000000004 0.06000000000000005
