# Created by Octave 3.0.1, Sun Mar 22 21:20:26 2009 CET <artieres@artieres-laptop>
# name: Results
# type: matrix
# rows: 20
# columns: 4
 0.36795321301331 0.4580596077977896 0.1833333333333333 0.27
 0.2892502890209923 0.3433250431017508 0.04666666666666663 0.09999999999999998
 0.2567554513887267 0.2893124746828063 0.05333333333333334 0.06000000000000005
 0.2423623239612351 0.2750326254445369 0.04000000000000004 0.05000000000000004
 0.2192765939324303 0.2565566643758241 0.03666666666666663 0.05000000000000004
 0.2127234307268208 0.289876662184871 0.05000000000000004 0.07999999999999996
 0.2103031327973042 0.2595671857918844 0.03666666666666663 0.06000000000000005
 0.2129874547028841 0.2312121504696835 0.04333333333333333 0.04000000000000004
 0.2311788385462139 0.2606806793307679 0.04000000000000004 0.03000000000000003
 0.2193447491993676 0.2901543912277785 0.04333333333333333 0.08999999999999997
 0.250346494592815 0.3354987408748199 0.04333333333333333 0.11
 0.1983009671089795 0.2434480712208216 0.03666666666666663 0.05000000000000004
 0.2217614305366776 0.2858277816188546 0.04333333333333333 0.08999999999999997
 0.2140893702697307 0.3027900219468054 0.05000000000000004 0.12
 0.2024613023203654 0.2084837677702195 0.04000000000000004 0.04000000000000004
 0.229979507805844 0.2119839109777325 0.05000000000000004 0.06000000000000005
 0.2531591868978796 0.2716181188254325 0.07333333333333336 0.08999999999999997
 0.204525261186018 0.2801617195996715 0.04666666666666663 0.12
 0.2236799076160275 0.3041063547276869 0.05000000000000004 0.08999999999999997
 0.1973519599022536 0.2483762599844062 0.04000000000000004 0.06000000000000005
