# Created by Octave 3.0.1, Sun Mar 22 21:47:00 2009 CET <artieres@artieres-laptop>
# name: Results
# type: matrix
# rows: 20
# columns: 4
 0.5202993317527637 0.5683956657396442 0.1899999999999999 0.26
 0.464302746595624 0.5382862103565198 0.1766666666666666 0.27
 0.2906631478244817 0.3369515782738826 0.06000000000000005 0.12
 0.2515597208394665 0.3065669879078759 0.05333333333333334 0.06999999999999995
 0.471156589212538 0.5383134428384101 0.1766666666666666 0.25
 0.2474284204877135 0.2954690197137843 0.04000000000000004 0.03000000000000003
 0.2587805480908518 0.3044445769092041 0.05666666666666664 0.08999999999999997
 0.2637554805279707 0.3138690209069632 0.05666666666666664 0.09999999999999998
 0.2343910287911263 0.279969626880586 0.03333333333333333 0.06000000000000005
 0.2350033215815779 0.2812537095054596 0.03666666666666663 0.05000000000000004
 0.2252343605041691 0.2722908728913132 0.03666666666666663 0.05000000000000004
 0.2202019878395456 0.2508568047972821 0.03666666666666663 0.05000000000000004
 0.2157487680127371 0.2677365700029801 0.03000000000000003 0.06999999999999995
 0.2186960400942755 0.2562262421739465 0.04333333333333333 0.05000000000000004
 0.241757649415129 0.3095434997973897 0.04000000000000004 0.06999999999999995
 0.2290087197788198 0.2887371305683276 0.03333333333333333 0.06999999999999995
 0.219583394649789 0.2702564349500211 0.04333333333333333 0.06000000000000005
 0.2240214397941721 0.2873768385689733 0.03000000000000003 0.05000000000000004
 0.2188649615134841 0.2645854795823411 0.03666666666666663 0.06000000000000005
 0.2172266411601576 0.2762521834604965 0.03000000000000003 0.06999999999999995
