# Created by Octave 3.0.1, Sun Mar 22 22:33:29 2009 CET <artieres@artieres-laptop>
# name: Resus_1neurone
# type: matrix
# rows: 3
# columns: 2
 0.02333333333333332 0.04000000000000004
 0.03000000000000003 0.05000000000000004
 0.1833333333333333 0.14
