# Created by Octave 3.0.1, Sun Mar 22 22:25:48 2009 CET <artieres@artieres-laptop>
# name: Results
# type: matrix
# rows: 3
# columns: 2
 0.03666666666666663 0.05000000000000004
 0.03333333333333333 0.04000000000000004
 0.06333333333333335 0.06000000000000005
